2,1,703.99,785.21,86.36000000000001,63.75,1,1,1.0
3,1,704.24,786.69,86.36000000000001,63.739999999999895,1,1,1.0
4,1,704.48,788.17,86.37,63.74000000000001,1,1,1.0
5,1,704.73,789.64,86.36000000000001,63.75,1,1,1.0
6,1,704.98,791.12,86.36000000000001,63.74000000000001,1,1,1.0
7,1,705.22,792.6,86.36000000000001,63.74000000000001,1,1,1.0
8,1,705.47,794.07,86.36000000000001,63.75,1,1,1.0
9,1,705.71,795.55,86.37,63.74000000000001,1,1,1.0
10,1,705.96,797.03,86.36000000000001,63.74000000000001,1,1,1.0
11,1,706.21,798.5,86.36000000000001,63.75,1,1,1.0
12,1,706.45,799.98,86.3599999999999,63.74000000000001,1,1,1.0
13,1,706.7,801.46,86.3599999999999,63.74000000000001,1,1,1.0
14,1,706.94,802.93,86.36999999999989,63.75,1,1,1.0
15,1,707.19,804.41,86.3599999999999,63.74000000000001,1,1,1.0
16,1,707.44,805.89,86.3599999999999,63.74000000000001,1,1,1.0
17,1,707.68,807.36,86.36000000000001,63.75,1,1,1.0
18,1,707.93,808.84,86.36000000000001,63.74000000000001,1,1,1.0
19,1,708.18,810.32,86.36000000000001,63.739999999999895,1,1,1.0
20,1,708.42,811.79,86.36000000000001,63.75,1,1,1.0
21,1,708.67,813.27,86.36000000000001,63.74000000000001,1,1,1.0
22,1,708.91,814.75,86.36000000000001,63.74000000000001,1,1,1.0
23,1,709.16,816.22,86.36000000000001,63.75,1,1,1.0
24,1,709.41,817.7,86.36000000000001,63.74000000000001,1,1,1.0
25,1,709.65,819.18,86.36000000000001,63.74000000000001,1,1,1.0
26,1,709.9,820.65,86.36000000000001,63.75,1,1,1.0
27,1,710.14,822.13,86.37,63.74000000000001,1,1,1.0
28,1,710.39,823.61,86.36000000000001,63.74000000000001,1,1,1.0
29,1,710.64,825.08,86.36000000000001,63.75,1,1,1.0
30,1,710.88,826.56,86.36000000000001,63.74000000000001,1,1,1.0
31,1,711.13,828.04,86.36000000000001,63.74000000000001,1,1,1.0
32,1,711.84,829.7,86.36000000000001,63.75,1,1,1.0
33,1,712.56,831.37,86.36000000000001,63.74000000000001,1,1,1.0
34,1,713.27,833.03,86.36000000000001,63.75,1,1,1.0
35,1,713.98,834.7,86.36000000000001,63.74000000000001,1,1,1.0
36,1,714.7,836.36,86.3599999999999,63.75,1,1,1.0
37,1,715.41,838.03,86.36000000000001,63.74000000000001,1,1,1.0
38,1,716.12,839.69,86.37,63.75,1,1,1.0
39,1,716.84,841.36,86.36000000000001,63.74000000000001,1,1,1.0
40,1,717.55,843.03,86.36000000000001,63.74000000000001,1,1,1.0
41,1,718.27,844.69,86.36000000000001,63.739999999999895,1,1,1.0
42,1,718.27,848.02,86.36000000000001,63.74000000000001,1,1,1.0
43,1,718.27,851.35,86.36000000000001,63.74000000000001,1,1,1.0
44,1,718.27,854.68,86.36000000000001,63.75,1,1,1.0
45,1,718.27,858.01,86.36000000000001,63.75,1,1,1.0
46,1,718.27,861.34,86.36000000000001,63.75,1,1,1.0
47,1,718.27,864.68,86.36000000000001,63.74000000000001,1,1,1.0
48,1,718.27,868.01,86.36000000000001,63.74000000000001,1,1,1.0
49,1,718.27,871.34,86.36000000000001,63.74000000000001,1,1,1.0
50,1,718.27,874.67,86.36000000000001,63.74000000000001,1,1,1.0
51,1,718.27,878.0,86.36000000000001,63.74000000000001,1,1,1.0
52,1,717.79,879.66,86.36000000000001,63.75,1,1,1.0
53,1,717.31,881.33,86.37,63.74000000000001,1,1,1.0
54,1,716.84,882.99,86.36000000000001,63.75,1,1,1.0
55,1,716.36,884.66,86.36000000000001,63.74000000000001,1,1,1.0
56,1,715.89,886.33,86.36000000000001,63.74000000000001,1,1,1.0
57,1,715.41,887.99,86.36000000000001,63.74000000000001,1,1,1.0
58,1,714.94,889.66,86.3599999999999,63.74000000000001,1,1,1.0
59,1,714.46,891.32,86.36000000000001,63.739999999999895,1,1,1.0
60,1,713.98,892.99,86.37,63.74000000000001,1,1,1.0
61,1,713.51,894.65,86.36000000000001,63.75,1,1,1.0
62,1,711.84,892.99,86.36000000000001,63.74000000000001,1,1,1.0
63,1,710.18,891.32,86.36000000000001,63.739999999999895,1,1,1.0
64,1,708.51,889.66,86.36000000000001,63.74000000000001,1,1,1.0
65,1,706.85,887.99,86.36000000000001,63.74000000000001,1,1,1.0
66,1,705.18,886.33,86.36000000000001,63.74000000000001,1,1,1.0
67,1,703.52,884.66,86.36000000000001,63.74000000000001,1,1,1.0
68,1,701.85,882.99,86.36000000000001,63.75,1,1,1.0
69,1,700.19,881.33,86.3599999999999,63.74000000000001,1,1,1.0
70,1,698.52,879.66,86.36000000000001,63.75,1,1,1.0
71,1,696.85,878.0,86.37,63.74000000000001,1,1,1.0
72,1,697.57,876.57,86.3599999999999,63.739999999999895,1,1,1.0
73,1,698.28,875.14,86.36000000000001,63.75,1,1,1.0
74,1,699.0,873.72,86.36000000000001,63.74000000000001,1,1,1.0
75,1,699.71,872.29,86.36000000000001,63.74000000000001,1,1,1.0
76,1,700.42,870.86,86.36000000000001,63.74000000000001,1,1,1.0
77,1,701.14,869.43,86.36000000000001,63.75,1,1,1.0
78,1,701.85,868.01,86.36000000000001,63.74000000000001,1,1,1.0
79,1,702.56,866.58,86.37,63.74000000000001,1,1,1.0
80,1,703.28,865.15,86.36000000000001,63.74000000000001,1,1,1.0
81,1,703.99,863.72,86.36000000000001,63.75,1,1,1.0
82,1,705.42,861.82,86.36000000000001,63.739999999999895,1,1,1.0
83,1,706.85,859.92,86.36000000000001,63.74000000000001,1,1,1.0
84,1,708.27,858.01,86.37,63.75,1,1,1.0
85,1,709.7,856.11,86.3599999999999,63.74000000000001,1,1,1.0
86,1,711.13,854.21,86.36000000000001,63.74000000000001,1,1,1.0
87,1,712.56,852.3,86.36000000000001,63.75,1,1,1.0
88,1,713.98,850.4,86.37,63.74000000000001,1,1,1.0
89,1,715.41,848.5,86.36000000000001,63.74000000000001,1,1,1.0
90,1,716.84,846.59,86.36000000000001,63.75,1,1,1.0
91,1,718.27,844.69,86.36000000000001,63.739999999999895,1,1,1.0
92,1,722.55,840.41,86.36000000000001,63.74000000000001,1,1,1.0
93,1,726.83,836.12,86.36000000000001,63.75,1,1,1.0
94,1,731.11,831.84,86.37,63.75,1,1,1.0
95,1,735.4,827.56,86.36000000000001,63.74000000000001,1,1,1.0
96,1,739.68,823.28,86.36000000000001,63.74000000000001,1,1,1.0
97,1,743.96,818.99,86.36000000000001,63.75,1,1,1.0
98,1,748.24,814.71,86.37,63.75,1,1,1.0
99,1,752.53,810.43,86.36000000000001,63.74000000000001,1,1,1.0
100,1,756.81,806.15,86.36000000000001,63.74000000000001,1,1,1.0
101,1,761.09,801.87,86.36000000000001,63.74000000000001,1,1,1.0
102,1,759.9,799.72,86.36000000000001,63.75,1,1,1.0
103,1,758.71,797.58,86.36000000000001,63.75,1,1,1.0
104,1,757.52,795.44,86.36000000000001,63.739999999999895,1,1,1.0
105,1,756.33,793.3,86.36000000000001,63.74000000000001,1,1,1.0
106,1,755.14,791.16,86.36000000000001,63.74000000000001,1,1,1.0
107,1,753.95,789.02,86.3599999999999,63.74000000000001,1,1,1.0
108,1,752.76,786.88,86.37,63.74000000000001,1,1,1.0
109,1,751.57,784.74,86.37,63.74000000000001,1,1,1.0
110,1,750.38,782.59,86.37,63.75,1,1,1.0
111,1,749.2,780.45,86.3599999999999,63.75,1,1,1.0
112,1,743.96,779.26,86.36000000000001,63.75,1,1,1.0
113,1,738.73,778.07,86.36000000000001,63.75,1,1,1.0
114,1,733.49,776.88,86.36000000000001,63.75,1,1,1.0
115,1,728.26,775.69,86.36000000000001,63.75,1,1,1.0
116,1,723.02,774.51,86.37,63.74000000000001,1,1,1.0
117,1,717.79,773.32,86.36000000000001,63.739999999999895,1,1,1.0
118,1,712.56,772.13,86.36000000000001,63.74000000000001,1,1,1.0
119,1,707.32,770.94,86.3599999999999,63.739999999999895,1,1,1.0
120,1,702.09,769.75,86.36000000000001,63.74000000000001,1,1,1.0
121,1,696.85,768.56,86.37,63.74000000000001,1,1,1.0
122,1,686.86,765.94,86.36000000000001,63.739999999999895,1,1,1.0
123,1,676.87,763.32,86.36000000000001,63.75,1,1,1.0
124,1,666.88,760.71,86.36000000000001,63.74000000000001,1,1,1.0
125,1,656.89,758.09,86.36000000000001,63.74000000000001,1,1,1.0
126,1,646.89,755.47,86.36000000000001,63.75,1,1,1.0
127,1,636.9,752.86,86.36000000000001,63.74000000000001,1,1,1.0
128,1,626.91,750.24,86.36000000000001,63.74000000000001,1,1,1.0
129,1,616.92,747.62,86.36000000000001,63.74000000000001,1,1,1.0
130,1,606.92,745.0,86.37,63.75,1,1,1.0
131,1,596.93,742.39,86.36000000000001,63.74000000000001,1,1,1.0
132,1,590.51,737.39,86.36000000000001,63.74000000000001,1,1,1.0
133,1,584.08,732.4,86.37,63.74000000000001,1,1,1.0
134,1,577.66,727.4,86.36000000000001,63.74000000000001,1,1,1.0
135,1,571.24,722.4,86.36000000000001,63.75,1,1,1.0
136,1,564.81,717.41,86.37,63.74000000000001,1,1,1.0
137,1,558.39,712.41,86.36000000000001,63.74000000000001,1,1,1.0
138,1,551.97,707.42,86.36000000000001,63.74000000000001,1,1,1.0
139,1,545.54,702.42,86.36000000000001,63.74000000000001,1,1,1.0
140,1,539.12,697.42,86.36000000000001,63.75,1,1,1.0
141,1,532.7,692.43,86.3599999999999,63.74000000000001,1,1,1.0
142,1,531.11,691.37,86.36000000000001,63.74000000000001,1,1,1.0
143,1,529.52,690.31,86.37,63.74000000000001,1,1,1.0
144,1,527.94,689.25,86.3599999999999,63.75,1,1,1.0
145,1,526.35,688.2,86.36000000000001,63.74000000000001,1,1,1.0
146,1,524.77,687.14,86.36000000000001,63.74000000000001,1,1,1.0
147,1,523.18,686.08,86.36000000000001,63.75,1,1,1.0
148,1,521.59,685.02,86.36000000000001,63.75,1,1,1.0
149,1,520.01,683.97,86.36000000000001,63.74000000000001,1,1,1.0
150,1,518.42,682.91,86.36000000000001,63.74000000000001,1,1,1.0
1323,222,539.03,1002.65,11.15,12.69,0.2722,-1,-1,-1
1324,222,539.00,1002.65,11.14,12.82,0.2729,-1,-1,-1
1325,222,539.66,1002.83,10.38,12.06,0.2759,-1,-1,-1
1326,222,539.91,1002.62,10.21,12.08,0.3062,-1,-1,-1
1327,222,539.97,1003.01,10.39,12.50,0.3244,-1,-1,-1
1328,222,540.19,1002.99,9.88,11.98,0.3141,-1,-1,-1
1329,222,539.82,1002.91,9.83,11.85,0.2715,-1,-1,-1
1330,222,539.63,1002.70,10.08,12.02,0.2939,-1,-1,-1
1331,222,540.05,1002.89,9.94,11.91,0.2514,-1,-1,-1
1336,222,539.57,1002.94,10.20,12.10,0.3260,-1,-1,-1
1337,222,538.77,1002.88,11.36,13.51,0.3490,-1,-1,-1
1344,222,539.28,1002.52,11.43,14.18,0.3085,-1,-1,-1
1352,222,539.18,1002.37,10.67,13.38,0.2743,-1,-1,-1
1353,222,538.55,1002.61,11.30,14.03,0.3288,-1,-1,-1
1355,222,538.55,1002.72,11.22,13.75,0.3039,-1,-1,-1
1357,222,539.21,1002.75,10.33,12.26,0.2604,-1,-1,-1
1358,222,539.10,1002.52,10.86,13.05,0.3265,-1,-1,-1
1359,222,539.56,1002.33,10.27,12.50,0.2964,-1,-1,-1
1360,222,539.14,1002.48,10.44,12.37,0.3114,-1,-1,-1
1362,222,539.56,1002.38,10.27,12.28,0.3286,-1,-1,-1
1364,222,539.98,1002.71,10.18,12.48,0.3307,-1,-1,-1
1365,222,540.42,1002.96,9.58,11.92,0.3487,-1,-1,-1
1368,222,540.35,1002.50,9.68,12.36,0.3209,-1,-1,-1
1369,236,590.15,496.00,9.72,14.39,0.3596,-1,-1,-1
1371,222,540.68,1002.83,9.14,11.73,0.3226,-1,-1,-1
1371,236,589.80,495.98,9.77,14.47,0.3292,-1,-1,-1
1372,236,589.48,495.73,9.87,14.59,0.3173,-1,-1,-1
1373,236,589.69,496.05,9.59,14.19,0.2559,-1,-1,-1
1373,222,540.51,1002.79,9.21,11.79,0.2907,-1,-1,-1
1374,236,589.84,495.75,9.68,14.38,0.2906,-1,-1,-1
1378,222,540.07,1002.56,9.62,12.26,0.2507,-1,-1,-1
1384,222,540.35,1002.78,9.33,11.80,0.2603,-1,-1,-1
1387,222,540.50,1002.97,9.22,11.80,0.2636,-1,-1,-1
1389,222,539.73,1002.91,9.69,12.05,0.2677,-1,-1,-1
1392,222,539.51,1002.84,10.31,12.72,0.2912,-1,-1,-1
1394,222,539.64,1002.69,10.27,12.71,0.2585,-1,-1,-1
1444,249,589.66,495.86,10.35,13.98,0.4503,-1,-1,-1
1448,249,589.96,495.94,10.21,13.85,0.3967,-1,-1,-1
1450,249,589.93,496.00,10.16,13.86,0.2737,-1,-1,-1
1451,249,590.05,496.13,9.96,13.72,0.3128,-1,-1,-1
1457,249,589.95,496.15,9.74,13.73,0.2530,-1,-1,-1
1468,258,540.10,1002.22,9.70,13.17,0.3251,-1,-1,-1
1469,258,540.07,1002.28,9.69,13.15,0.3539,-1,-1,-1
1470,258,539.95,1002.21,9.46,12.77,0.2792,-1,-1,-1
1471,258,539.95,1002.19,9.71,13.09,0.3632,-1,-1,-1
1472,258,539.76,1001.97,9.93,13.37,0.3681,-1,-1,-1
1473,258,540.19,1002.30,9.29,12.44,0.2520,-1,-1,-1
1474,258,540.61,1002.65,8.93,11.90,0.3236,-1,-1,-1
1476,258,540.39,1002.62,9.32,12.39,0.3126,-1,-1,-1
1477,258,540.59,1002.84,8.95,11.86,0.3711,-1,-1,-1
1478,259,554.58,714.30,26.51,14.33,0.4331,-1,-1,-1
1479,258,540.19,1002.86,9.07,11.90,0.2542,-1,-1,-1
1480,258,540.56,1002.88,9.30,12.18,0.3378,-1,-1,-1
1481,259,552.58,716.89,22.00,11.78,0.3691,-1,-1,-1
1484,258,540.79,1003.21,8.70,11.17,0.2969,-1,-1,-1
1488,258,540.46,1002.72,9.32,11.89,0.2840,-1,-1,-1
1490,258,540.01,1002.50,9.59,12.20,0.3195,-1,-1,-1
1491,258,539.76,1002.68,9.65,12.00,0.2859,-1,-1,-1
1492,258,540.19,1002.90,9.51,11.79,0.2731,-1,-1,-1
1493,258,539.70,1002.84,9.84,11.85,0.2594,-1,-1,-1
1496,258,539.77,1002.90,9.80,11.66,0.2532,-1,-1,-1
1498,258,539.80,1002.89,9.86,11.67,0.3115,-1,-1,-1
1499,258,540.09,1003.00,9.86,11.62,0.3158,-1,-1,-1
1500,258,539.54,1002.86,10.05,11.73,0.2888,-1,-1,-1
1501,258,539.88,1002.31,10.29,12.26,0.3174,-1,-1,-1
1504,272,587.92,495.63,12.26,14.57,0.5305,-1,-1,-1
1504,258,539.83,1002.50,10.26,12.48,0.3102,-1,-1,-1
1505,272,588.01,495.64,12.12,14.41,0.5635,-1,-1,-1
1505,258,540.18,1002.50,9.86,12.27,0.3744,-1,-1,-1
1506,258,540.38,1002.46,9.60,12.25,0.3722,-1,-1,-1
1507,258,540.46,1002.37,9.52,12.45,0.3751,-1,-1,-1
1508,258,540.37,1002.40,9.40,12.41,0.3286,-1,-1,-1
1508,273,530.33,657.53,25.75,17.56,0.4530,-1,-1,-1
1508,272,588.42,495.97,12.01,14.41,0.3991,-1,-1,-1
1509,258,540.37,1002.34,9.33,12.44,0.3411,-1,-1,-1
1509,273,526.04,653.48,33.48,22.93,0.5558,-1,-1,-1
1509,272,588.50,495.77,11.93,14.39,0.4528,-1,-1,-1
1510,258,539.89,1002.25,9.51,12.63,0.2814,-1,-1,-1
1511,258,540.22,1002.25,9.42,12.65,0.3065,-1,-1,-1
1511,272,588.98,496.04,11.44,13.98,0.4741,-1,-1,-1
1512,272,588.95,496.05,11.26,13.93,0.4798,-1,-1,-1
1513,272,589.12,496.04,10.99,13.69,0.3131,-1,-1,-1
1514,272,589.46,496.25,10.69,13.55,0.3929,-1,-1,-1
1515,272,589.18,495.57,10.89,13.98,0.4433,-1,-1,-1
1515,275,537.54,656.81,27.12,17.81,0.5096,-1,-1,-1
1516,272,589.33,495.86,10.74,13.93,0.5033,-1,-1,-1
1516,275,539.46,658.10,25.87,17.00,0.4269,-1,-1,-1
1516,258,540.26,1002.55,9.17,12.24,0.2568,-1,-1,-1
1517,272,589.74,496.20,10.32,13.64,0.3953,-1,-1,-1
1518,272,589.66,496.04,10.41,13.89,0.4825,-1,-1,-1
1518,276,541.53,654.81,25.67,15.31,0.4043,-1,-1,-1
1519,272,589.87,496.39,10.03,13.44,0.4753,-1,-1,-1
1519,276,540.20,654.99,26.53,15.82,0.6850,-1,-1,-1
1519,258,540.90,1002.77,8.71,11.74,0.2886,-1,-1,-1
1520,272,589.51,496.09,10.30,13.85,0.5134,-1,-1,-1
1521,272,589.19,496.40,10.14,13.60,0.5624,-1,-1,-1
1521,276,538.57,651.53,28.11,16.82,0.4788,-1,-1,-1
1522,272,589.07,495.95,10.41,14.03,0.4539,-1,-1,-1
1523,272,589.18,495.67,10.47,14.30,0.4282,-1,-1,-1
1524,272,589.68,496.08,9.90,13.78,0.3435,-1,-1,-1
1524,276,547.23,648.33,25.73,15.29,0.6194,-1,-1,-1
1525,272,588.95,495.71,10.10,13.93,0.2910,-1,-1,-1
1525,276,549.64,647.79,25.19,14.81,0.6148,-1,-1,-1
1526,276,550.94,647.62,24.71,14.43,0.6157,-1,-1,-1
1527,276,548.08,643.37,32.32,19.29,0.3759,-1,-1,-1
1528,272,588.99,495.73,10.09,13.69,0.2537,-1,-1,-1
1533,282,553.60,648.34,24.71,17.51,0.4999,-1,-1,-1
1536,258,540.19,1002.01,9.67,13.02,0.3173,-1,-1,-1
1538,258,540.37,1001.93,9.69,13.26,0.3308,-1,-1,-1
1539,258,540.49,1002.04,9.54,13.18,0.2794,-1,-1,-1
1540,258,540.59,1002.11,9.40,13.12,0.3226,-1,-1,-1
1540,288,550.25,657.03,26.76,17.22,0.6223,-1,-1,-1
1541,258,540.53,1002.18,9.26,12.96,0.2858,-1,-1,-1
1541,288,550.77,657.68,26.36,16.96,0.4588,-1,-1,-1
1542,258,540.78,1002.15,9.08,12.80,0.3586,-1,-1,-1
1542,288,552.31,657.64,26.40,16.97,0.2618,-1,-1,-1
1543,258,540.89,1002.25,8.81,12.39,0.3039,-1,-1,-1
1543,288,552.73,657.96,27.11,17.44,0.4951,-1,-1,-1
1544,258,540.85,1002.14,8.89,12.52,0.3572,-1,-1,-1
1545,258,540.75,1002.12,8.97,12.60,0.3681,-1,-1,-1
1546,258,540.77,1002.09,8.86,12.43,0.3578,-1,-1,-1
1547,258,540.54,1002.14,9.04,12.58,0.3511,-1,-1,-1
1547,288,551.03,659.75,30.21,19.64,0.4605,-1,-1,-1
1548,258,540.56,1002.09,9.11,12.65,0.3684,-1,-1,-1
1549,258,540.66,1002.09,8.99,12.44,0.3511,-1,-1,-1
1550,258,540.12,1002.27,9.14,12.38,0.2884,-1,-1,-1
1551,258,540.58,1002.33,8.92,12.05,0.3054,-1,-1,-1
1553,258,539.19,1002.28,9.66,12.63,0.3095,-1,-1,-1
1554,258,540.17,1002.38,9.26,12.13,0.3102,-1,-1,-1
1555,258,540.52,1002.38,9.14,11.99,0.2989,-1,-1,-1
1556,258,540.65,1002.37,9.09,11.93,0.2989,-1,-1,-1
1557,258,540.72,1002.34,9.08,11.94,0.2985,-1,-1,-1
1558,258,540.44,1002.31,9.53,12.62,0.3234,-1,-1,-1
1559,258,540.66,1002.42,9.14,12.10,0.2926,-1,-1,-1
1561,258,540.68,1002.67,8.92,11.80,0.2773,-1,-1,-1
1562,258,540.90,1002.90,8.72,11.59,0.3308,-1,-1,-1
1563,258,540.85,1002.82,8.73,11.65,0.3603,-1,-1,-1
1563,293,549.54,679.47,27.06,21.51,0.3917,-1,-1,-1
1564,258,540.93,1002.66,8.66,11.57,0.3348,-1,-1,-1
1564,293,549.74,680.48,26.81,21.32,0.5781,-1,-1,-1
1565,258,540.86,1002.65,8.67,11.53,0.3110,-1,-1,-1
1565,293,549.82,683.02,26.54,21.12,0.5999,-1,-1,-1
1566,258,540.85,1002.58,8.69,11.56,0.3095,-1,-1,-1
1567,258,540.71,1002.61,8.80,11.67,0.2983,-1,-1,-1
1568,258,540.83,1002.79,8.64,11.48,0.2680,-1,-1,-1
1569,258,540.89,1002.87,8.57,11.39,0.2727,-1,-1,-1
1573,258,540.34,1002.53,8.99,11.91,0.2681,-1,-1,-1
1575,258,540.03,1002.46,9.64,12.92,0.3547,-1,-1,-1
1576,258,540.26,1002.55,9.30,12.42,0.3096,-1,-1,-1
1577,258,540.35,1002.53,9.13,12.14,0.2933,-1,-1,-1
1578,258,540.30,1002.58,9.09,11.97,0.3090,-1,-1,-1
1579,258,539.93,1002.48,9.39,12.22,0.2868,-1,-1,-1
1580,258,540.16,1002.54,9.29,12.02,0.2921,-1,-1,-1
1580,293,551.88,705.80,23.36,18.11,0.4428,-1,-1,-1
1581,258,540.34,1002.65,9.21,11.85,0.3164,-1,-1,-1
1581,293,552.80,704.01,23.12,17.53,0.4656,-1,-1,-1
1582,258,540.29,1002.61,9.28,11.87,0.2779,-1,-1,-1
1582,293,553.85,702.66,23.18,17.08,0.5988,-1,-1,-1
1583,258,540.12,1002.50,9.41,12.04,0.3149,-1,-1,-1
1584,258,540.13,1002.55,9.40,12.01,0.3252,-1,-1,-1
1585,258,540.28,1002.56,9.25,11.78,0.2843,-1,-1,-1
1586,258,539.87,1002.56,9.61,12.07,0.3111,-1,-1,-1
1587,258,540.01,1002.59,9.57,12.01,0.3259,-1,-1,-1
1588,258,540.09,1002.60,9.56,12.00,0.3241,-1,-1,-1
1588,299,553.07,700.19,26.92,14.66,0.5421,-1,-1,-1
1589,258,539.88,1002.57,10.07,12.74,0.3234,-1,-1,-1
1589,299,552.85,700.61,27.75,15.13,0.5552,-1,-1,-1
1590,258,540.03,1002.59,9.73,12.30,0.3419,-1,-1,-1
1590,299,551.87,701.17,29.67,16.22,0.2968,-1,-1,-1
1591,258,540.12,1002.60,9.60,12.12,0.3368,-1,-1,-1
1592,258,540.17,1002.61,9.54,12.05,0.3182,-1,-1,-1
1593,258,540.20,1002.66,9.41,11.81,0.3120,-1,-1,-1
1594,258,540.19,1002.63,9.49,11.92,0.3213,-1,-1,-1
1594,293,551.32,712.65,25.31,18.64,0.5799,-1,-1,-1
1595,258,540.15,1002.63,9.54,11.98,0.2912,-1,-1,-1
1595,293,550.12,714.01,25.11,18.05,0.3328,-1,-1,-1
1596,258,540.14,1002.61,9.57,12.02,0.2929,-1,-1,-1
1599,258,539.89,1002.50,9.64,11.94,0.2910,-1,-1,-1
1600,258,540.17,1002.68,9.44,11.72,0.3370,-1,-1,-1
1601,258,540.07,1002.55,9.55,11.88,0.3622,-1,-1,-1
1602,258,539.92,1002.53,9.75,11.98,0.3515,-1,-1,-1
1602,293,545.50,713.80,31.14,23.09,0.3383,-1,-1,-1
1603,293,546.17,715.48,30.20,22.66,0.3216,-1,-1,-1
1604,293,546.46,716.51,29.71,22.56,0.3978,-1,-1,-1
1604,258,539.18,1002.44,10.32,12.43,0.3079,-1,-1,-1
1605,293,547.71,718.72,28.29,21.56,0.5224,-1,-1,-1
1605,258,539.89,1002.68,9.86,11.94,0.3407,-1,-1,-1
1606,258,540.24,1002.86,9.80,11.97,0.3904,-1,-1,-1
1607,258,539.41,1002.80,10.35,12.47,0.4538,-1,-1,-1
1608,258,539.55,1002.88,10.48,12.71,0.3265,-1,-1,-1
1608,293,548.38,719.81,26.17,19.79,0.4557,-1,-1,-1
1609,293,548.69,720.08,25.70,19.27,0.2978,-1,-1,-1
1610,258,539.53,1002.91,10.27,12.43,0.2776,-1,-1,-1
1611,293,548.65,720.44,27.54,20.69,0.3410,-1,-1,-1
1612,258,539.98,1003.00,9.91,12.09,0.2944,-1,-1,-1
1613,258,540.25,1003.04,9.53,11.66,0.3707,-1,-1,-1
1613,293,548.22,720.85,28.12,21.19,0.5237,-1,-1,-1
1614,258,540.32,1002.99,9.76,12.15,0.4059,-1,-1,-1
1614,293,547.94,721.63,28.23,21.36,0.3721,-1,-1,-1
1615,258,540.42,1002.92,9.55,11.86,0.3841,-1,-1,-1
1615,293,547.95,722.51,27.68,20.89,0.6309,-1,-1,-1
1616,258,540.20,1002.93,9.48,11.78,0.3375,-1,-1,-1
1616,293,547.65,722.75,27.72,20.92,0.4780,-1,-1,-1
1617,258,540.01,1002.97,9.94,12.54,0.3860,-1,-1,-1
1617,293,547.78,723.30,27.16,20.47,0.5693,-1,-1,-1
1618,258,540.33,1003.04,9.38,11.95,0.3524,-1,-1,-1
1618,293,547.78,723.45,27.24,20.50,0.4827,-1,-1,-1
1619,258,540.38,1003.08,9.11,11.66,0.3587,-1,-1,-1
1619,293,547.98,723.80,27.15,20.41,0.5722,-1,-1,-1
1620,258,540.63,1003.12,8.90,11.38,0.2515,-1,-1,-1
1620,293,547.74,723.38,28.04,21.19,0.4902,-1,-1,-1
1621,258,540.90,1003.17,8.74,11.23,0.3510,-1,-1,-1
1621,293,547.72,723.93,28.33,21.49,0.5822,-1,-1,-1
1622,258,541.00,1003.05,8.67,11.19,0.2675,-1,-1,-1
1623,258,541.03,1003.13,8.60,11.17,0.2928,-1,-1,-1
1626,258,540.89,1003.09,8.66,11.25,0.3363,-1,-1,-1
1628,258,540.84,1003.03,8.57,11.13,0.3355,-1,-1,-1
1629,306,560.16,752.39,23.93,18.09,0.4549,-1,-1,-1
1630,306,562.26,752.58,24.63,18.52,0.4757,-1,-1,-1
1630,258,540.76,1002.98,8.79,11.53,0.2755,-1,-1,-1
1631,306,560.80,753.28,25.15,18.88,0.3329,-1,-1,-1
1632,258,540.73,1002.90,8.69,11.33,0.2780,-1,-1,-1
1633,258,540.66,1002.86,8.77,11.27,0.3198,-1,-1,-1
1634,258,540.27,1002.71,9.11,11.59,0.2910,-1,-1,-1
1635,258,540.47,1002.69,9.06,11.53,0.3039,-1,-1,-1
1637,258,540.54,1002.94,8.95,11.33,0.2749,-1,-1,-1
1638,258,540.60,1002.97,8.90,11.22,0.2610,-1,-1,-1
1639,258,539.70,1002.66,10.28,13.02,0.3167,-1,-1,-1
1640,258,540.22,1002.54,9.69,12.37,0.3171,-1,-1,-1
1641,258,540.28,1002.61,9.43,12.06,0.3030,-1,-1,-1
1642,258,540.56,1002.60,9.28,11.92,0.3430,-1,-1,-1
1643,258,540.10,1002.46,9.58,12.32,0.2850,-1,-1,-1
1644,258,539.81,1002.57,9.74,12.49,0.3458,-1,-1,-1
1645,258,539.81,1002.50,9.64,12.36,0.3484,-1,-1,-1
1646,258,540.39,1002.54,9.22,11.83,0.3384,-1,-1,-1
1647,258,540.46,1002.41,9.10,11.82,0.3387,-1,-1,-1
1648,258,540.53,1002.57,8.92,11.59,0.3482,-1,-1,-1
1649,258,540.67,1002.83,8.90,11.59,0.3482,-1,-1,-1
1650,258,540.59,1002.61,9.08,11.96,0.3876,-1,-1,-1
1653,258,540.11,1002.41,9.60,12.72,0.3746,-1,-1,-1
1654,258,540.09,1002.56,9.63,12.68,0.2546,-1,-1,-1
1656,258,540.01,1002.50,9.46,12.31,0.3704,-1,-1,-1
1657,258,540.18,1002.45,9.54,12.49,0.3674,-1,-1,-1
1658,258,540.46,1002.66,9.28,12.31,0.2779,-1,-1,-1
1659,258,540.59,1002.82,8.92,11.74,0.3455,-1,-1,-1
1660,258,540.13,1002.82,9.38,12.15,0.3309,-1,-1,-1
1661,258,540.25,1002.96,9.42,12.27,0.2655,-1,-1,-1
1662,258,540.26,1002.91,9.47,12.41,0.2789,-1,-1,-1
1662,313,561.43,757.05,27.29,16.11,0.5567,-1,-1,-1
1663,258,539.97,1002.82,9.64,12.46,0.2827,-1,-1,-1
1663,313,563.02,757.02,27.07,15.98,0.3735,-1,-1,-1
1664,258,539.85,1002.76,9.60,12.18,0.3064,-1,-1,-1
1664,313,564.23,756.81,27.16,16.04,0.2664,-1,-1,-1
1665,258,539.97,1002.49,9.69,12.23,0.2802,-1,-1,-1
1665,313,564.66,756.12,27.09,16.00,0.2641,-1,-1,-1
1667,258,539.95,1002.47,10.13,12.77,0.3285,-1,-1,-1
1668,258,539.97,1002.42,10.04,12.55,0.3392,-1,-1,-1
1669,258,539.80,1002.59,10.27,12.97,0.3041,-1,-1,-1
1669,313,561.45,754.01,30.70,18.30,0.4358,-1,-1,-1
1670,258,540.18,1002.78,9.73,12.20,0.3271,-1,-1,-1
1671,258,540.10,1002.79,9.59,11.85,0.2524,-1,-1,-1
1672,258,540.09,1002.80,9.67,11.99,0.2515,-1,-1,-1
1672,313,559.73,755.05,28.78,17.24,0.4093,-1,-1,-1
1673,258,540.31,1002.87,9.37,11.61,0.3321,-1,-1,-1
1674,258,539.84,1002.86,9.75,12.06,0.3463,-1,-1,-1
1674,313,557.94,755.58,28.10,16.86,0.4341,-1,-1,-1
1675,313,556.60,756.67,28.82,17.42,0.3596,-1,-1,-1
1677,258,539.44,1002.56,10.19,12.69,0.2665,-1,-1,-1
1678,258,539.88,1002.67,9.64,11.92,0.3276,-1,-1,-1
1679,258,539.74,1002.71,9.71,11.85,0.2532,-1,-1,-1
1680,258,538.84,1002.57,10.92,13.30,0.3043,-1,-1,-1
1681,258,539.17,1002.38,10.46,12.78,0.3047,-1,-1,-1
1682,258,539.62,1002.57,10.08,12.28,0.2969,-1,-1,-1
1684,258,538.20,1002.04,11.03,13.38,0.2964,-1,-1,-1
1685,258,539.16,1002.50,10.35,12.49,0.3002,-1,-1,-1
1687,258,539.83,1002.76,9.78,11.86,0.2834,-1,-1,-1
1688,258,539.26,1002.59,10.20,11.93,0.3355,-1,-1,-1
1690,258,539.86,1002.67,9.96,11.78,0.2723,-1,-1,-1
1691,258,539.95,1002.75,9.88,11.76,0.3241,-1,-1,-1
1692,258,539.90,1002.76,9.89,11.78,0.3109,-1,-1,-1
1695,258,539.96,1002.72,9.88,11.81,0.3121,-1,-1,-1
1697,258,540.19,1002.76,9.74,11.70,0.3019,-1,-1,-1
1700,258,540.27,1002.77,9.66,11.68,0.2986,-1,-1,-1
1701,258,540.19,1002.73,9.80,11.84,0.3233,-1,-1,-1
1702,258,540.16,1002.73,9.85,11.89,0.3360,-1,-1,-1
1703,258,540.16,1002.73,9.88,11.91,0.3400,-1,-1,-1
1704,258,540.17,1002.73,9.86,11.90,0.3214,-1,-1,-1
1705,258,540.24,1002.73,9.65,11.66,0.3085,-1,-1,-1
1706,258,540.13,1002.72,9.70,11.67,0.3406,-1,-1,-1
1707,258,540.15,1002.69,9.72,11.70,0.2968,-1,-1,-1
1708,258,540.38,1002.82,9.63,11.61,0.2811,-1,-1,-1
1710,258,540.43,1002.84,9.71,11.69,0.2764,-1,-1,-1
1712,327,447.35,656.77,29.72,23.63,0.4604,-1,-1,-1
1757,358,671.53,480.11,19.47,14.45,0.5800,-1,-1,-1
1758,358,676.35,479.84,18.02,13.33,0.4304,-1,-1,-1
1892,411,540.66,1002.98,9.05,11.70,0.3201,-1,-1,-1
1893,411,540.55,1002.68,9.41,12.19,0.3602,-1,-1,-1
1894,411,540.52,1002.91,9.09,11.74,0.2731,-1,-1,-1
1895,411,540.00,1002.59,9.52,12.25,0.3039,-1,-1,-1
1897,411,540.02,1002.80,9.31,11.88,0.2751,-1,-1,-1
1899,411,539.79,1002.70,9.39,11.86,0.2646,-1,-1,-1
1900,411,539.94,1002.69,9.42,11.88,0.3779,-1,-1,-1
1901,411,539.28,1002.55,9.94,12.31,0.3299,-1,-1,-1
1902,411,539.68,1002.68,9.68,11.99,0.3471,-1,-1,-1
1903,411,539.14,1002.65,10.12,12.36,0.3232,-1,-1,-1
1904,411,539.71,1002.67,9.87,12.15,0.3444,-1,-1,-1
1905,411,539.79,1002.68,9.80,12.01,0.3388,-1,-1,-1
1906,411,539.81,1002.67,9.83,11.97,0.3075,-1,-1,-1
1907,411,539.79,1002.73,9.76,11.86,0.3257,-1,-1,-1
1908,411,539.48,1002.74,10.04,12.07,0.2825,-1,-1,-1
1909,411,539.60,1002.76,9.94,11.88,0.3231,-1,-1,-1
1910,411,539.08,1002.68,10.27,12.00,0.3124,-1,-1,-1
1911,411,539.39,1002.79,10.29,11.84,0.3038,-1,-1,-1
1912,411,539.17,1002.80,10.32,11.77,0.3096,-1,-1,-1
1913,411,538.94,1002.70,11.04,12.57,0.3485,-1,-1,-1
1914,411,539.15,1002.68,10.70,12.17,0.2922,-1,-1,-1
1916,411,539.24,1002.65,10.53,11.97,0.3291,-1,-1,-1
1917,411,539.35,1002.69,10.47,11.89,0.3084,-1,-1,-1
1918,411,539.41,1002.71,10.40,11.87,0.2749,-1,-1,-1
1919,411,539.42,1002.72,10.37,11.85,0.3209,-1,-1,-1
1920,411,539.46,1002.71,10.35,11.84,0.3182,-1,-1,-1
1921,411,539.59,1002.71,10.34,11.88,0.3285,-1,-1,-1
1922,411,539.87,1002.74,10.27,11.84,0.2961,-1,-1,-1
1923,411,539.23,1002.73,10.67,12.28,0.2795,-1,-1,-1
1924,411,539.53,1002.73,10.39,12.02,0.3573,-1,-1,-1
1925,411,539.63,1002.73,10.28,11.89,0.3372,-1,-1,-1
1926,411,539.81,1002.77,10.12,11.76,0.2840,-1,-1,-1
1927,411,539.71,1002.70,10.16,11.83,0.2805,-1,-1,-1
1928,411,539.62,1002.82,10.19,11.76,0.3230,-1,-1,-1
1929,411,539.68,1002.67,10.30,11.89,0.3176,-1,-1,-1
1930,411,539.76,1002.64,10.29,11.94,0.3418,-1,-1,-1
1931,411,539.60,1002.79,10.29,11.85,0.3341,-1,-1,-1
1932,411,539.56,1002.87,10.33,11.84,0.3481,-1,-1,-1
1933,411,539.33,1002.76,10.50,11.93,0.3158,-1,-1,-1
1934,411,539.47,1002.82,10.39,11.85,0.2739,-1,-1,-1
1935,411,539.43,1002.74,10.48,11.97,0.3262,-1,-1,-1
1936,411,539.24,1002.69,10.50,11.96,0.3455,-1,-1,-1
1937,411,538.64,1002.62,10.95,12.25,0.2800,-1,-1,-1
1938,411,538.88,1002.65,10.88,12.09,0.3063,-1,-1,-1
1939,411,538.55,1002.62,11.07,12.10,0.2964,-1,-1,-1
1940,411,538.37,1002.58,11.19,12.12,0.2710,-1,-1,-1
1943,411,539.03,1002.15,11.33,12.53,0.3195,-1,-1,-1
1944,411,538.81,1002.18,11.29,12.54,0.3120,-1,-1,-1
1945,411,538.51,1002.16,11.34,12.61,0.3035,-1,-1,-1
1946,411,538.09,1002.21,11.50,12.58,0.2594,-1,-1,-1
1948,411,537.74,1002.11,11.80,12.82,0.3195,-1,-1,-1
1949,411,537.66,1002.13,11.91,12.76,0.2906,-1,-1,-1
1950,411,537.64,1002.03,12.26,12.89,0.2879,-1,-1,-1
1951,411,538.74,1002.21,11.67,12.52,0.2883,-1,-1,-1
1952,411,538.87,1002.16,11.67,12.68,0.2615,-1,-1,-1
1953,411,538.09,1002.13,11.82,12.70,0.3021,-1,-1,-1
1954,411,537.75,1002.27,11.83,12.54,0.3483,-1,-1,-1
1955,411,537.60,1002.15,12.02,12.66,0.2694,-1,-1,-1
1957,411,538.49,1002.40,11.56,12.27,0.2756,-1,-1,-1
1958,411,538.17,1002.41,11.61,12.27,0.3422,-1,-1,-1
1959,411,537.85,1002.42,11.82,12.33,0.3192,-1,-1,-1
1960,411,537.76,1002.45,11.88,12.23,0.2528,-1,-1,-1
1961,411,537.54,1002.39,12.18,12.40,0.3211,-1,-1,-1
1962,411,537.82,1002.44,12.28,12.33,0.2873,-1,-1,-1
1963,411,538.56,1002.43,11.88,12.15,0.2700,-1,-1,-1
1984,411,539.01,1002.59,11.56,12.22,0.2558,-1,-1,-1
1988,411,538.20,1002.36,12.10,12.72,0.3074,-1,-1,-1
1989,411,537.93,1002.28,12.45,13.09,0.2811,-1,-1,-1
1990,411,538.33,1002.35,12.25,13.01,0.2753,-1,-1,-1
1992,411,537.70,1002.20,12.76,13.73,0.2539,-1,-1,-1
1994,411,537.71,1002.10,11.93,12.80,0.3046,-1,-1,-1
1995,411,538.96,1002.37,11.09,12.15,0.3636,-1,-1,-1
1997,411,538.66,1002.32,11.14,12.29,0.3089,-1,-1,-1
1998,411,538.94,1002.09,11.20,12.73,0.3316,-1,-1,-1
2000,411,538.86,1002.26,11.69,13.68,0.3187,-1,-1,-1
2003,411,540.28,1002.97,9.99,11.86,0.3466,-1,-1,-1
2004,411,540.32,1002.62,10.06,12.22,0.3469,-1,-1,-1
2005,411,540.52,1002.47,9.78,12.08,0.3735,-1,-1,-1
2006,411,540.59,1002.65,9.45,11.70,0.2546,-1,-1,-1
2007,411,540.67,1002.61,9.33,11.61,0.2599,-1,-1,-1
2008,411,540.26,1002.23,9.92,12.62,0.3514,-1,-1,-1
2009,411,540.64,1002.51,9.33,11.93,0.2752,-1,-1,-1
2010,411,540.52,1002.63,9.48,12.22,0.2756,-1,-1,-1
2011,411,540.24,1002.34,9.51,12.31,0.2678,-1,-1,-1
2012,411,540.47,1002.35,9.23,12.03,0.2631,-1,-1,-1
2013,411,540.45,1002.25,9.18,12.03,0.2696,-1,-1,-1
2014,411,540.47,1002.14,9.18,12.13,0.2966,-1,-1,-1
2015,411,540.70,1002.26,8.93,11.91,0.2765,-1,-1,-1
2016,411,540.77,1002.36,8.78,11.78,0.2573,-1,-1,-1
2017,411,540.71,1002.21,8.83,11.98,0.3439,-1,-1,-1
2018,411,540.57,1002.16,8.84,12.04,0.2897,-1,-1,-1
2019,411,540.82,1002.42,8.66,11.74,0.2898,-1,-1,-1
2020,411,540.08,1002.18,9.15,12.10,0.3000,-1,-1,-1
2021,411,540.18,1002.39,9.05,11.88,0.2772,-1,-1,-1
2022,411,540.50,1002.39,9.01,11.89,0.3348,-1,-1,-1
2023,411,540.65,1002.46,8.91,11.75,0.3667,-1,-1,-1
2024,411,540.73,1002.52,8.92,11.77,0.3538,-1,-1,-1
2025,411,540.70,1002.52,8.95,11.83,0.3454,-1,-1,-1
2026,411,540.72,1002.48,8.94,11.88,0.2967,-1,-1,-1
2027,411,540.50,1002.30,9.16,12.20,0.3094,-1,-1,-1
2028,411,539.61,1001.99,10.02,13.28,0.2808,-1,-1,-1
2029,411,539.80,1002.09,9.74,12.85,0.2669,-1,-1,-1
2030,411,539.98,1002.23,9.51,12.53,0.3094,-1,-1,-1
2031,411,539.12,1001.92,10.36,13.56,0.2831,-1,-1,-1
2051,422,540.92,1002.82,8.54,11.63,0.3553,-1,-1,-1
2052,422,541.03,1002.86,8.46,11.52,0.3677,-1,-1,-1
2053,422,540.18,1002.49,8.80,11.95,0.3051,-1,-1,-1
2054,422,540.74,1002.68,8.59,11.67,0.3420,-1,-1,-1
2055,422,540.48,1002.58,8.77,11.88,0.3122,-1,-1,-1
2056,422,540.75,1002.70,8.55,11.58,0.3313,-1,-1,-1
2057,422,540.84,1002.79,8.73,11.85,0.3438,-1,-1,-1
2059,422,540.63,1002.75,8.81,11.89,0.3315,-1,-1,-1
2061,422,540.46,1002.85,8.80,11.78,0.3194,-1,-1,-1
2062,422,540.32,1002.79,8.91,11.88,0.2700,-1,-1,-1
2063,422,539.84,1002.88,9.80,13.13,0.3031,-1,-1,-1
2064,422,540.32,1002.87,9.11,12.18,0.2948,-1,-1,-1
2065,422,539.98,1002.78,9.26,12.28,0.2748,-1,-1,-1
2066,422,539.86,1002.76,9.33,12.29,0.2731,-1,-1,-1
2067,422,540.47,1002.93,8.83,11.63,0.2903,-1,-1,-1
2068,422,540.74,1002.92,8.66,11.44,0.2959,-1,-1,-1
2069,422,540.29,1002.91,8.90,11.68,0.2583,-1,-1,-1
2075,422,539.80,1002.92,9.84,12.97,0.2611,-1,-1,-1
2082,422,539.33,1002.62,10.17,13.13,0.2804,-1,-1,-1
2083,422,538.58,1002.49,10.74,13.35,0.2994,-1,-1,-1
2084,422,539.64,1002.70,9.87,12.24,0.3442,-1,-1,-1
2085,422,539.27,1002.62,10.33,12.74,0.2770,-1,-1,-1
2086,422,540.04,1002.73,9.70,12.05,0.3665,-1,-1,-1
2087,422,539.41,1002.58,10.34,12.81,0.3407,-1,-1,-1
2092,422,540.08,1002.68,9.46,11.76,0.2593,-1,-1,-1
2094,422,540.08,1002.30,9.71,12.21,0.3149,-1,-1,-1
2095,422,539.98,1002.49,9.54,11.91,0.2629,-1,-1,-1
2096,422,539.67,1002.51,9.86,12.28,0.2679,-1,-1,-1
2097,422,540.20,1002.64,9.60,12.06,0.3064,-1,-1,-1
2099,422,539.88,1002.54,9.97,12.59,0.2853,-1,-1,-1
2100,422,540.19,1002.53,9.57,12.18,0.2708,-1,-1,-1
2102,422,540.38,1002.56,9.37,11.97,0.2839,-1,-1,-1
2108,422,540.17,1002.63,9.73,12.54,0.2911,-1,-1,-1
2109,422,540.28,1002.50,9.59,12.49,0.2553,-1,-1,-1
2110,422,540.36,1002.49,9.47,12.48,0.2643,-1,-1,-1
2111,422,540.34,1002.36,9.38,12.36,0.2705,-1,-1,-1
2114,422,540.28,1002.41,9.27,12.14,0.2651,-1,-1,-1
2115,422,540.13,1002.61,9.42,12.09,0.2724,-1,-1,-1
2116,422,540.34,1003.04,9.34,12.07,0.3440,-1,-1,-1
2118,422,540.44,1002.92,9.33,12.13,0.2907,-1,-1,-1
2119,422,540.36,1002.82,9.40,12.26,0.3217,-1,-1,-1
2120,422,540.30,1002.94,9.64,12.72,0.3233,-1,-1,-1
2121,422,540.39,1002.83,9.71,12.84,0.3086,-1,-1,-1
2122,422,540.59,1002.83,9.57,12.67,0.3910,-1,-1,-1
2123,422,540.10,1002.88,10.27,13.89,0.3372,-1,-1,-1
2124,422,540.26,1002.83,9.52,12.94,0.3123,-1,-1,-1
2125,422,540.41,1002.61,9.32,12.70,0.3778,-1,-1,-1
2126,422,539.64,1002.21,10.30,14.04,0.2977,-1,-1,-1
2127,422,540.06,1002.30,9.70,13.28,0.3074,-1,-1,-1
2128,422,540.33,1002.60,9.54,13.18,0.3584,-1,-1,-1
2129,422,540.11,1002.40,9.41,12.86,0.3676,-1,-1,-1
2130,422,539.62,1002.31,10.09,13.76,0.3269,-1,-1,-1
2131,422,540.09,1002.45,9.62,13.10,0.3954,-1,-1,-1
2132,422,539.83,1002.07,9.88,13.47,0.3422,-1,-1,-1
2133,422,539.99,1001.99,9.96,13.69,0.4017,-1,-1,-1
2134,422,539.42,1002.02,10.07,13.64,0.3519,-1,-1,-1
2135,422,540.11,1002.33,9.75,13.32,0.4384,-1,-1,-1
2136,422,540.48,1002.55,9.35,12.83,0.2924,-1,-1,-1
2137,422,540.26,1002.52,9.45,12.98,0.3593,-1,-1,-1
2138,422,539.96,1002.29,9.54,12.90,0.2968,-1,-1,-1
2139,422,539.85,1002.20,9.73,13.14,0.2993,-1,-1,-1
2140,422,540.11,1002.22,9.82,13.36,0.3127,-1,-1,-1
2141,422,540.31,1002.21,9.54,12.94,0.3878,-1,-1,-1
2142,422,539.12,1002.03,10.19,13.55,0.2952,-1,-1,-1
2143,422,539.60,1002.11,10.13,13.52,0.2949,-1,-1,-1
2144,422,540.26,1002.41,9.50,12.73,0.3002,-1,-1,-1
2145,422,540.31,1002.67,9.04,11.99,0.2833,-1,-1,-1
2148,422,540.59,1002.74,8.99,11.94,0.3096,-1,-1,-1
2154,422,539.49,1002.15,9.56,12.48,0.3559,-1,-1,-1
2155,422,539.68,1002.37,9.46,12.33,0.2810,-1,-1,-1
2156,422,539.80,1002.59,9.36,12.12,0.3254,-1,-1,-1
2158,422,539.51,1002.40,9.70,12.49,0.2840,-1,-1,-1
2159,422,539.23,1002.31,9.89,12.57,0.2624,-1,-1,-1
2160,422,539.49,1002.68,9.72,12.25,0.2536,-1,-1,-1
2161,422,539.70,1002.23,10.11,12.93,0.3608,-1,-1,-1
2162,422,540.27,1002.89,9.31,11.87,0.2605,-1,-1,-1
2163,422,540.15,1002.57,9.48,12.08,0.3551,-1,-1,-1
2164,422,540.08,1002.48,9.49,12.14,0.3134,-1,-1,-1
2166,422,539.72,1002.28,10.06,12.93,0.3261,-1,-1,-1
2169,422,539.91,1002.37,9.73,12.58,0.2645,-1,-1,-1
2171,422,540.37,1002.45,9.37,12.26,0.3467,-1,-1,-1
2172,422,540.57,1002.73,9.01,11.79,0.3321,-1,-1,-1
2173,422,540.51,1002.46,9.32,12.34,0.3989,-1,-1,-1
2174,422,540.68,1002.69,9.05,12.04,0.3097,-1,-1,-1
2175,422,540.80,1002.69,8.88,11.86,0.4043,-1,-1,-1
2176,422,540.59,1002.42,9.18,12.39,0.3978,-1,-1,-1
2177,422,540.62,1002.36,9.03,12.24,0.3869,-1,-1,-1
2178,422,540.72,1002.48,8.87,12.03,0.3687,-1,-1,-1
2179,422,540.58,1002.46,8.92,12.04,0.3013,-1,-1,-1
2180,422,540.39,1002.47,9.54,13.05,0.3485,-1,-1,-1
2181,422,540.50,1002.53,9.11,12.39,0.3325,-1,-1,-1
2182,422,540.63,1002.49,8.99,12.16,0.4258,-1,-1,-1
2183,422,540.55,1002.55,9.01,12.07,0.3972,-1,-1,-1
2184,422,540.50,1002.57,9.02,12.04,0.3223,-1,-1,-1
2185,422,540.24,1002.52,9.21,12.23,0.3411,-1,-1,-1
2186,422,539.89,1002.46,9.52,12.46,0.4092,-1,-1,-1
2187,422,539.45,1002.62,9.70,12.41,0.3318,-1,-1,-1
2188,422,539.24,1002.58,9.94,12.47,0.3494,-1,-1,-1
2189,422,539.34,1002.49,10.12,12.57,0.4032,-1,-1,-1
2190,422,539.70,1002.55,10.02,12.42,0.4120,-1,-1,-1
2191,422,539.25,1002.53,10.26,12.53,0.3430,-1,-1,-1
2192,422,539.27,1002.49,10.35,12.56,0.4047,-1,-1,-1
2193,422,539.84,1002.57,10.06,12.27,0.3787,-1,-1,-1
2194,422,540.07,1002.58,9.93,12.18,0.3805,-1,-1,-1
2195,422,539.58,1002.48,10.17,12.41,0.4233,-1,-1,-1
2196,422,539.32,1002.46,10.37,12.51,0.3836,-1,-1,-1
2197,422,539.13,1002.40,10.45,12.41,0.3857,-1,-1,-1
2198,422,538.90,1002.44,10.59,12.36,0.4087,-1,-1,-1
2199,422,539.79,1002.66,10.27,12.10,0.3567,-1,-1,-1
2200,422,539.71,1002.61,10.27,12.11,0.3459,-1,-1,-1
2201,422,539.85,1002.49,10.37,12.36,0.3978,-1,-1,-1
2202,422,539.97,1002.57,10.26,12.28,0.3403,-1,-1,-1
2203,422,540.06,1002.57,10.33,12.46,0.3755,-1,-1,-1
2204,422,540.17,1002.59,10.16,12.26,0.3236,-1,-1,-1
2205,422,540.15,1002.60,10.15,12.24,0.3076,-1,-1,-1
2206,422,540.15,1002.59,10.13,12.21,0.3240,-1,-1,-1
2207,422,539.91,1002.56,10.39,12.49,0.3144,-1,-1,-1
2208,422,539.83,1002.41,10.55,12.76,0.3362,-1,-1,-1
2209,422,539.86,1002.45,10.49,12.63,0.3215,-1,-1,-1
2210,422,539.30,1002.45,10.62,12.51,0.3468,-1,-1,-1
2211,422,539.48,1002.52,10.77,12.64,0.2909,-1,-1,-1
2212,422,539.06,1002.49,10.86,12.46,0.3023,-1,-1,-1
2213,422,539.41,1002.48,11.29,13.18,0.3537,-1,-1,-1
2214,422,539.35,1002.54,10.85,12.41,0.2721,-1,-1,-1
2215,422,538.86,1002.56,10.99,12.36,0.3006,-1,-1,-1
2216,422,538.36,1002.51,11.42,12.66,0.3326,-1,-1,-1
2216,431,588.68,496.49,11.09,13.63,0.3475,-1,-1,-1
2217,422,538.99,1002.61,11.06,12.22,0.3486,-1,-1,-1
2217,431,588.74,496.53,11.06,13.59,0.3788,-1,-1,-1
2218,422,538.55,1002.65,11.62,12.82,0.3261,-1,-1,-1
2218,431,588.74,496.56,11.04,13.57,0.3944,-1,-1,-1
2219,422,538.69,1002.64,11.70,13.02,0.3457,-1,-1,-1
2219,431,588.71,496.53,11.08,13.61,0.4308,-1,-1,-1
2220,422,538.80,1002.64,11.67,13.09,0.3480,-1,-1,-1
2220,431,588.68,496.47,11.13,13.68,0.4185,-1,-1,-1
2221,422,539.31,1002.75,10.91,12.25,0.3327,-1,-1,-1
2221,431,588.75,496.49,11.01,13.52,0.4522,-1,-1,-1
2222,422,538.73,1002.67,11.42,12.79,0.3305,-1,-1,-1
2222,431,588.77,496.50,11.03,13.55,0.2891,-1,-1,-1
2223,422,538.66,1002.70,11.33,12.60,0.3228,-1,-1,-1
2223,431,588.64,496.50,11.12,13.63,0.4229,-1,-1,-1
2224,422,538.51,1002.75,11.67,12.91,0.2544,-1,-1,-1
2224,431,588.50,496.05,11.51,14.10,0.5184,-1,-1,-1
2225,422,538.17,1002.72,11.78,12.96,0.2923,-1,-1,-1
2225,431,588.56,496.16,11.44,13.98,0.4831,-1,-1,-1
2226,422,538.86,1002.76,11.24,12.48,0.3087,-1,-1,-1
2226,431,588.54,496.57,11.03,13.46,0.3619,-1,-1,-1
2227,422,538.67,1002.72,11.36,12.65,0.2832,-1,-1,-1
2227,431,588.52,496.40,11.23,13.68,0.4742,-1,-1,-1
2228,422,539.03,1002.72,11.00,12.26,0.2774,-1,-1,-1
2228,431,588.53,496.36,11.29,13.73,0.5513,-1,-1,-1
2229,422,538.59,1002.65,11.08,12.24,0.2761,-1,-1,-1
2229,431,588.53,496.38,11.29,13.71,0.4630,-1,-1,-1
2230,422,537.99,1002.59,11.29,12.25,0.3451,-1,-1,-1
2230,431,588.57,496.53,11.18,13.58,0.3937,-1,-1,-1
2231,422,538.68,1002.59,11.34,12.46,0.3475,-1,-1,-1
2231,431,588.35,495.90,11.64,14.22,0.4519,-1,-1,-1
2232,422,539.34,1002.65,10.87,12.10,0.3735,-1,-1,-1
2232,431,588.41,495.97,11.55,14.16,0.3820,-1,-1,-1
2233,422,539.57,1002.65,10.70,12.04,0.3707,-1,-1,-1
2234,422,539.58,1002.63,10.74,12.22,0.3408,-1,-1,-1
2234,431,588.42,496.04,11.47,14.11,0.3344,-1,-1,-1
2235,422,538.47,1002.44,11.81,13.42,0.3570,-1,-1,-1
2236,422,539.33,1002.52,10.97,12.49,0.2814,-1,-1,-1
2236,431,588.53,496.21,11.27,13.94,0.2822,-1,-1,-1
2239,422,538.63,1002.48,11.12,12.48,0.2924,-1,-1,-1
2240,422,538.06,1002.57,11.86,13.31,0.2779,-1,-1,-1
2242,422,538.28,1002.65,11.47,12.64,0.3013,-1,-1,-1
2245,422,538.36,1002.65,11.27,12.30,0.2996,-1,-1,-1
2246,422,538.29,1002.85,11.54,12.51,0.2509,-1,-1,-1
2248,431,588.39,495.81,11.31,14.25,0.2796,-1,-1,-1
2248,422,538.35,1002.82,11.49,12.13,0.3102,-1,-1,-1
2252,431,587.51,495.85,11.21,13.53,0.4345,-1,-1,-1
2254,422,538.23,1002.74,11.86,11.99,0.2786,-1,-1,-1
2257,422,537.98,1002.63,12.21,12.11,0.2930,-1,-1,-1
2259,422,537.87,1002.49,12.44,12.08,0.3192,-1,-1,-1
2262,422,537.95,1002.24,12.97,12.60,0.3186,-1,-1,-1
2266,422,538.69,1002.03,12.60,12.59,0.2551,-1,-1,-1
2269,422,538.85,1001.87,12.51,13.01,0.3320,-1,-1,-1
2270,422,539.13,1002.03,12.11,12.81,0.2770,-1,-1,-1
2271,422,538.98,1001.93,12.08,13.04,0.2712,-1,-1,-1
2272,422,539.50,1002.05,11.58,12.79,0.3028,-1,-1,-1
2276,439,589.81,495.81,9.23,13.62,0.4050,-1,-1,-1
2276,422,539.03,1001.79,11.85,13.28,0.2948,-1,-1,-1
2277,439,589.79,495.82,9.26,13.64,0.2685,-1,-1,-1
2277,422,539.12,1001.76,11.69,13.30,0.2926,-1,-1,-1
2279,439,589.93,495.84,9.25,13.60,0.2867,-1,-1,-1
2279,422,539.72,1002.08,10.76,12.53,0.3093,-1,-1,-1
2280,439,589.88,495.87,9.25,13.56,0.3134,-1,-1,-1
2280,422,539.96,1002.16,10.42,12.31,0.2747,-1,-1,-1
2281,422,539.72,1002.09,10.74,12.98,0.3081,-1,-1,-1
2282,439,589.46,495.68,9.46,13.77,0.3408,-1,-1,-1
2283,439,589.53,495.64,9.64,14.01,0.2539,-1,-1,-1
2283,422,539.81,1001.82,10.46,12.77,0.3305,-1,-1,-1
2284,422,539.86,1001.74,10.24,12.59,0.3238,-1,-1,-1
2306,422,540.33,1002.55,9.76,12.01,0.2890,-1,-1,-1
2312,422,540.57,1002.56,9.67,11.78,0.2523,-1,-1,-1
2330,422,539.61,1002.39,10.27,12.30,0.2885,-1,-1,-1
2331,422,539.99,1002.43,10.09,12.29,0.3076,-1,-1,-1
2334,422,540.47,1002.48,9.75,11.98,0.2572,-1,-1,-1
2339,422,540.61,1002.73,9.46,11.85,0.2539,-1,-1,-1
2342,422,540.08,1002.36,9.90,12.31,0.2855,-1,-1,-1
2343,422,539.78,1002.36,10.19,12.43,0.2726,-1,-1,-1
2344,422,540.04,1002.40,9.95,12.32,0.3650,-1,-1,-1
2345,422,540.15,1002.74,9.84,12.28,0.2886,-1,-1,-1
2346,422,540.33,1002.88,9.74,12.15,0.3412,-1,-1,-1
2347,422,540.57,1003.11,9.34,11.69,0.2963,-1,-1,-1
2356,422,540.72,1003.20,9.01,11.43,0.2786,-1,-1,-1
2358,422,539.95,1002.77,9.91,12.53,0.2924,-1,-1,-1
2359,422,540.35,1002.67,9.59,12.27,0.2937,-1,-1,-1
2360,422,540.42,1002.63,9.32,12.00,0.3555,-1,-1,-1
2361,422,540.58,1002.85,9.50,12.11,0.2616,-1,-1,-1
2362,422,540.35,1002.75,9.68,11.97,0.3022,-1,-1,-1
2363,422,540.38,1002.74,9.85,12.30,0.2946,-1,-1,-1
2364,422,540.48,1002.81,9.68,12.21,0.3479,-1,-1,-1
2365,422,540.53,1002.91,9.52,12.06,0.2683,-1,-1,-1
2366,422,540.46,1002.84,9.56,12.10,0.3077,-1,-1,-1
2368,422,540.20,1002.30,9.69,12.36,0.3561,-1,-1,-1
2371,422,540.29,1002.44,9.48,12.11,0.3248,-1,-1,-1
2373,422,539.83,1002.28,9.79,12.53,0.3540,-1,-1,-1
2374,422,539.92,1002.32,9.68,12.39,0.3385,-1,-1,-1
2375,422,539.92,1002.47,9.63,12.27,0.3476,-1,-1,-1
2375,450,588.61,496.01,11.03,13.89,0.5156,-1,-1,-1
2377,422,538.35,1002.34,10.81,13.47,0.3300,-1,-1,-1
2379,422,539.07,1002.32,10.39,12.85,0.2754,-1,-1,-1
2380,422,539.75,1002.39,9.99,12.54,0.2741,-1,-1,-1
2381,422,539.57,1002.47,10.03,12.38,0.3146,-1,-1,-1
2383,422,539.65,1002.34,10.14,12.58,0.2836,-1,-1,-1
2404,422,539.11,1002.55,10.78,12.83,0.2678,-1,-1,-1
2413,422,539.25,1002.73,10.77,12.40,0.2541,-1,-1,-1
2418,422,539.50,1002.73,10.57,11.95,0.2719,-1,-1,-1
                                                                                                                                                                                                                                                                                                                                                                                                                                                                                                                                                                                                                                                                                                                                                                                                                                                                                                                                                                                                                                                                                                                                                                                                                                                                                                                                                                                                                                                                                                                                                                                                                                                                                                                                                                                                                                                                                                                                                                                                                                                                                                                                                                                                                                                                                                                                                                                                                                                                                                                                                                                                                                                                                                                                                                                                                                                                                                                                                                                                                                                                                                                                                                                                                                                                                                                                                                                                                                                                                                                                                                                                                                                                                                                                                                                                                                                                                                                                                                                                                                                                                                                                                                                                                                                                                                                                                                                                                                                                                                                                                                                                                                                                                                                                                                                                                                                                                                                                                                                                                                                                                                                                                                                                                                                                                                                                                                                                                                                                                                                                                                                                                                                                                                                                                                                                                                                                                                                                                                                                                                                                                                                                                                                                                                                                                                                                                                                                                                                                                                                                                                                                                                                                                                                                                                                                                                                                                                                                                                                                                                                                                                                                                                                                                                                                                                                                                                                                                                                                                                                                                                                                                                                                                                                                                                                                                                                                                                                                                                                                                                                                                                                                                                                                                                                                                                                                                                                                                                                                                                                                                                                                                                                                                                                                                                                                                                                                                                                                                                                                                                                                                                                                                                                                                                                                                                                                                                                                                                                                                                                                                                                                                                                                                                                                                                                                                                                                                                                                                                                                                                                                                                                                                                                                                                                                                                                                                                                                                                                                                                                                                                                                                                                                                                                                                                                                                                                                                                                                                                                                                                                                                                                                                                                                                                                                                                                                                                                                                                                                                                                                                                                                                                                                                                                                                                                                                                                                                                                                                                                                                                                                                                                                                                                                                                                                                                                                                                                                                                                                                                                                                                                                                                                                                                                                                                                                                                                                                                                                                                                                                                                                                                                                                                                                                                                                                                                                                                                                                                                                                                                                                                                                                                                                                                                                                                                                                                                                                                                                                                                                                                                                                                                                                                                                                                                                                                                                                                                                                                                                                                                                                                                                                                                                                                                                                                                                                                                                                                                                                                                                                                                                                                                                                                                                                                                                                                                                                                                                                                                                                                                                                                                                                                                                                                                                                                                                                                                                                                                                                                                                                                                                                                                                                                                                                                                                                                                                                                                                                                                                                                                                                                                                                                                                                                                                                                                                                                                                                                                                                                                                                                                                                                                                                                                                                                                                                                                                                                                                                                                                                                                                                                                                                                                                                                                                                                                                                                                                                                                                                                                                                                                                                                                                                                                                                                                                                                                                                                                                                                                                                                                                                                                                                                                                                                                                                                                                                                                                                                                                                                                                                                                                                                                                                                                                                                                                                                                                                                                                                                                                                                                                                                                                                                                                                                                                                                                                                                                                                                                                                                                                                                                                                                                                                                                                                                                                                                                                                                                                                                                                                                                                                                                                                                                                                                                                                                                                                                                                                                                                                                                                                                                                                                                                                                                                                                                                                                                                                                                                                                                                                                                                                                                                                                                                                                                                                                                                                                                                                                                                                                                                                                                                                                                                                                                                                                                                                                                                                                                                                                                                                                                                                                                                                                                                                                                                                                                                                                                                                                                                                                                                                                                                                                                                                                                                                                                                                                                                                                                                                                                                                                                                                                                                                                                                                                                                                                                                                                                                                                                                                                                                                                                                                                                                                                                                                                                                                                                                                                                                                                                                                                                                                                                                                                                                                                                                                                                                                                                                                                                                                                                                                                                                                 2420,422,539.79,1002.75,10.44,11.80,0.2764,-1,-1,-1
2421,422,539.88,1002.78,10.43,11.57,0.2787,-1,-1,-1
2422,422,539.90,1002.77,10.55,11.67,0.3535,-1,-1,-1
2423,422,539.92,1002.76,10.60,11.59,0.2989,-1,-1,-1
2428,422,539.29,1002.64,11.11,12.08,0.2633,-1,-1,-1
2431,422,539.51,1002.77,10.78,11.70,0.2890,-1,-1,-1
2433,422,539.13,1002.75,11.10,11.91,0.2812,-1,-1,-1
2434,422,539.34,1002.58,11.09,12.07,0.3067,-1,-1,-1
2435,422,539.64,1002.65,10.86,11.88,0.2615,-1,-1,-1
2436,422,539.69,1002.73,10.75,11.82,0.2903,-1,-1,-1
2437,422,539.64,1002.64,10.77,11.95,0.2835,-1,-1,-1
2438,422,539.90,1002.70,10.66,11.91,0.2925,-1,-1,-1
2439,422,540.00,1002.75,10.59,11.88,0.2632,-1,-1,-1
2440,422,540.07,1002.72,10.56,11.94,0.3195,-1,-1,-1
2441,422,539.96,1002.72,10.59,12.03,0.2843,-1,-1,-1
2442,422,539.83,1002.74,10.55,11.99,0.2892,-1,-1,-1
2444,422,539.70,1002.44,10.92,12.62,0.2599,-1,-1,-1
2457,422,539.59,1002.76,10.37,11.91,0.2639,-1,-1,-1
2458,422,539.75,1002.60,10.41,12.12,0.3055,-1,-1,-1
2460,422,539.64,1002.59,10.66,12.53,0.3004,-1,-1,-1
2461,422,539.81,1002.77,10.34,12.13,0.2699,-1,-1,-1
2462,422,539.76,1002.71,10.28,12.07,0.3324,-1,-1,-1
2463,422,538.80,1002.62,10.71,12.18,0.2767,-1,-1,-1
2465,422,539.64,1002.85,10.34,11.87,0.3157,-1,-1,-1
2466,422,539.73,1002.92,10.24,11.72,0.3400,-1,-1,-1
2468,422,539.82,1002.87,10.26,11.81,0.2970,-1,-1,-1
2469,422,539.08,1002.88,10.69,11.89,0.2758,-1,-1,-1
2470,422,539.37,1002.73,10.66,11.95,0.2910,-1,-1,-1
2471,422,538.95,1002.85,10.81,11.80,0.3013,-1,-1,-1
2472,422,539.28,1002.90,10.67,11.62,0.2936,-1,-1,-1
2474,422,539.40,1002.96,10.79,11.66,0.3465,-1,-1,-1
2475,422,539.41,1002.95,10.75,11.61,0.2507,-1,-1,-1
2477,422,539.34,1002.91,10.87,11.76,0.2977,-1,-1,-1
2478,422,539.21,1002.80,11.00,11.80,0.3484,-1,-1,-1
2481,422,539.29,1002.95,11.34,12.26,0.3034,-1,-1,-1
2482,422,539.75,1002.90,11.00,11.93,0.3312,-1,-1,-1
2487,481,589.07,495.60,10.28,14.46,0.4582,-1,-1,-1
2491,481,589.44,495.89,9.98,14.04,0.3588,-1,-1,-1
2505,422,540.89,1002.92,10.81,12.16,0.2554,-1,-1,-1
2507,481,589.03,495.75,10.15,14.10,0.3132,-1,-1,-1
2507,422,540.37,1002.76,10.59,12.40,0.2995,-1,-1,-1
2509,422,539.47,1002.51,11.37,13.84,0.2803,-1,-1,-1
2510,422,538.98,1002.41,11.38,13.73,0.3391,-1,-1,-1
2511,422,539.18,1002.44,11.05,13.60,0.2902,-1,-1,-1
2512,422,539.35,1002.54,10.76,13.21,0.3120,-1,-1,-1
2513,422,539.74,1002.48,10.50,13.09,0.3006,-1,-1,-1
2514,422,539.87,1002.61,10.32,12.88,0.3180,-1,-1,-1
2515,422,539.80,1002.62,10.57,13.34,0.2948,-1,-1,-1
2516,422,540.02,1002.68,10.11,12.77,0.3195,-1,-1,-1
2517,422,540.05,1002.68,9.95,12.54,0.2988,-1,-1,-1
2518,422,540.12,1002.70,9.86,12.40,0.3026,-1,-1,-1
2519,422,540.35,1002.69,9.48,11.86,0.3282,-1,-1,-1
2520,422,540.10,1002.70,9.79,12.20,0.3138,-1,-1,-1
2521,422,540.25,1002.72,9.61,11.83,0.3520,-1,-1,-1
2522,422,539.95,1002.76,9.94,12.15,0.3148,-1,-1,-1
2523,422,539.48,1002.51,10.45,12.69,0.3358,-1,-1,-1
2524,422,539.80,1002.58,10.13,12.19,0.3300,-1,-1,-1
2524,481,588.82,495.48,10.55,14.48,0.3152,-1,-1,-1
2525,422,539.66,1002.72,10.10,11.88,0.2916,-1,-1,-1
2526,422,539.83,1002.77,10.07,11.71,0.3123,-1,-1,-1
2527,422,539.75,1002.77,10.21,11.68,0.2775,-1,-1,-1
2527,481,589.57,496.33,9.82,13.38,0.2570,-1,-1,-1
2528,422,539.71,1002.78,10.35,11.68,0.3197,-1,-1,-1
2529,422,538.16,1002.61,11.76,13.14,0.3177,-1,-1,-1
2530,422,538.68,1002.63,11.25,12.32,0.2789,-1,-1,-1
2531,422,539.03,1002.63,11.13,12.01,0.2787,-1,-1,-1
2532,422,538.63,1002.55,11.28,12.14,0.3034,-1,-1,-1
2533,422,538.70,1002.59,11.28,11.96,0.2751,-1,-1,-1
2534,422,538.90,1002.67,11.48,12.29,0.3477,-1,-1,-1
2534,481,589.08,496.82,9.68,12.77,0.3533,-1,-1,-1
2535,481,588.72,496.69,10.06,12.89,0.3266,-1,-1,-1
2536,481,588.65,496.03,10.50,13.48,0.3649,-1,-1,-1
2536,422,539.33,1002.52,11.20,12.13,0.2721,-1,-1,-1
2538,481,588.46,495.90,10.59,13.57,0.2944,-1,-1,-1
2539,422,539.00,1002.58,11.69,12.78,0.3086,-1,-1,-1
2540,422,539.58,1002.68,11.16,12.40,0.3467,-1,-1,-1
2540,481,588.59,496.49,10.31,12.97,0.3170,-1,-1,-1
2541,481,588.16,495.80,10.98,13.86,0.2995,-1,-1,-1
2542,422,539.38,1002.78,10.91,12.22,0.2724,-1,-1,-1
2543,422,539.35,1002.81,10.81,12.19,0.2647,-1,-1,-1
2543,481,588.62,496.48,10.62,13.26,0.3610,-1,-1,-1
2544,422,539.00,1002.74,10.91,12.26,0.2601,-1,-1,-1
2544,481,588.31,496.64,10.68,13.12,0.3527,-1,-1,-1
2545,481,588.59,496.73,10.62,13.04,0.3695,-1,-1,-1
2546,481,588.65,496.75,10.61,13.03,0.3262,-1,-1,-1
2546,422,539.37,1002.73,10.68,12.11,0.2562,-1,-1,-1
2547,481,588.73,496.72,10.65,13.07,0.2501,-1,-1,-1
2548,481,588.78,496.22,10.96,13.49,0.3145,-1,-1,-1
2549,481,588.92,496.62,10.67,13.16,0.3992,-1,-1,-1
2550,481,589.24,496.66,10.50,13.13,0.2886,-1,-1,-1
2553,422,539.39,1002.76,10.67,12.23,0.2653,-1,-1,-1
2553,481,589.67,496.21,10.48,13.55,0.2793,-1,-1,-1
2554,422,539.52,1002.61,10.67,12.45,0.2837,-1,-1,-1
2555,422,539.49,1002.70,10.53,12.33,0.2953,-1,-1,-1
2556,422,539.14,1002.35,10.94,12.93,0.2610,-1,-1,-1
2557,422,539.53,1002.60,10.48,12.46,0.3053,-1,-1,-1
2558,422,539.75,1002.73,10.21,12.18,0.3011,-1,-1,-1
2559,422,539.76,1002.77,10.14,12.11,0.3045,-1,-1,-1
2560,422,539.84,1002.78,10.08,12.08,0.2886,-1,-1,-1
2561,422,539.89,1002.80,10.02,12.04,0.2955,-1,-1,-1
2628,494,540.32,1002.67,9.45,11.96,0.3199,-1,-1,-1
2630,494,540.40,1002.62,9.43,11.94,0.2810,-1,-1,-1
2634,494,540.20,1002.45,9.81,12.50,0.2595,-1,-1,-1
2637,494,539.15,1002.62,10.39,13.08,0.2579,-1,-1,-1
2638,494,540.09,1002.75,9.53,12.10,0.3477,-1,-1,-1
2639,494,539.82,1002.47,9.69,12.27,0.3514,-1,-1,-1
2640,494,539.69,1002.45,9.93,12.52,0.3480,-1,-1,-1
2641,494,539.82,1002.56,9.98,12.68,0.2951,-1,-1,-1
2642,494,539.85,1002.69,9.70,12.24,0.4034,-1,-1,-1
2643,494,539.86,1002.66,10.10,12.82,0.3481,-1,-1,-1
2644,494,539.75,1002.73,10.21,12.89,0.3008,-1,-1,-1
2646,494,539.74,1002.73,10.40,13.18,0.3743,-1,-1,-1
2647,494,539.28,1002.69,10.05,12.45,0.3138,-1,-1,-1
2648,494,539.71,1002.71,10.03,12.52,0.3320,-1,-1,-1
2649,494,539.99,1002.83,9.84,12.38,0.3405,-1,-1,-1
2650,494,540.49,1002.86,9.33,11.80,0.2539,-1,-1,-1
2652,494,540.01,1002.91,9.69,12.22,0.3176,-1,-1,-1
2653,494,540.04,1002.74,9.84,12.56,0.4003,-1,-1,-1
2654,494,539.32,1002.69,10.22,12.87,0.2873,-1,-1,-1
2655,494,539.69,1002.83,9.96,12.48,0.2942,-1,-1,-1
2656,494,539.86,1002.78,10.01,12.67,0.3651,-1,-1,-1
2657,494,539.63,1002.78,10.28,13.06,0.3266,-1,-1,-1
2658,494,539.49,1002.84,9.87,12.31,0.3422,-1,-1,-1
2659,494,539.92,1002.78,9.77,12.25,0.2546,-1,-1,-1
2660,494,540.06,1002.87,9.81,12.37,0.3351,-1,-1,-1
2661,494,540.17,1002.93,9.49,11.90,0.3029,-1,-1,-1
2662,494,540.06,1002.86,9.74,12.23,0.2936,-1,-1,-1
2663,494,540.18,1002.93,9.64,12.21,0.3488,-1,-1,-1
2664,494,540.05,1002.88,9.54,11.98,0.3252,-1,-1,-1
2665,494,539.85,1002.38,10.21,13.10,0.3193,-1,-1,-1
2666,494,540.11,1002.75,9.84,12.71,0.3375,-1,-1,-1
2667,494,539.38,1002.84,10.31,13.03,0.3017,-1,-1,-1
2667,498,588.58,496.53,11.22,14.18,0.3941,-1,-1,-1
2668,494,540.02,1002.83,9.88,12.64,0.4433,-1,-1,-1
2668,498,588.51,496.07,11.45,14.48,0.3203,-1,-1,-1
2669,494,540.03,1002.62,9.95,12.84,0.3723,-1,-1,-1
2670,494,540.34,1002.50,9.49,12.25,0.3106,-1,-1,-1
2671,494,539.93,1002.36,9.63,12.42,0.2866,-1,-1,-1
2671,498,588.71,495.95,11.30,14.35,0.3293,-1,-1,-1
2672,494,540.00,1002.36,9.62,12.50,0.2556,-1,-1,-1
2672,498,588.74,495.93,11.17,14.20,0.4261,-1,-1,-1
2673,494,540.42,1002.59,9.49,12.34,0.3253,-1,-1,-1
2674,494,540.54,1002.58,9.44,12.10,0.3661,-1,-1,-1
2677,494,540.50,1002.71,9.28,12.03,0.3597,-1,-1,-1
2678,494,540.56,1002.88,9.28,12.15,0.3113,-1,-1,-1
2679,494,540.36,1002.80,9.34,12.23,0.2652,-1,-1,-1
2680,494,540.42,1002.77,9.23,12.13,0.2888,-1,-1,-1
2681,494,540.43,1002.77,9.33,12.28,0.2543,-1,-1,-1
2684,494,540.48,1002.76,9.29,12.16,0.2634,-1,-1,-1
2685,494,540.64,1002.91,9.12,12.08,0.3055,-1,-1,-1
2688,494,540.68,1002.92,9.04,12.06,0.3000,-1,-1,-1
2689,494,540.47,1003.13,9.25,12.15,0.2674,-1,-1,-1
2690,494,540.21,1003.00,9.69,12.65,0.2990,-1,-1,-1
2691,494,540.27,1002.81,9.62,12.69,0.2876,-1,-1,-1
2697,494,539.87,1002.70,9.61,12.18,0.2694,-1,-1,-1
2700,494,539.84,1002.80,9.96,12.06,0.2831,-1,-1,-1
2701,494,539.52,1002.86,10.40,12.37,0.2742,-1,-1,-1
2702,494,539.31,1002.77,10.65,12.34,0.2710,-1,-1,-1
2703,494,539.35,1002.83,10.91,12.43,0.2942,-1,-1,-1
2704,494,538.99,1002.71,11.02,12.20,0.3586,-1,-1,-1
2705,494,539.11,1002.79,11.37,12.53,0.2610,-1,-1,-1
2706,494,538.94,1002.76,11.85,13.12,0.3472,-1,-1,-1
2707,494,539.11,1002.80,11.74,12.97,0.3445,-1,-1,-1
2708,494,539.42,1002.89,11.48,12.82,0.3216,-1,-1,-1
2709,494,539.28,1002.83,11.54,12.89,0.3216,-1,-1,-1
2710,494,539.20,1002.78,11.57,12.89,0.3389,-1,-1,-1
2711,494,539.22,1002.78,11.39,12.68,0.2861,-1,-1,-1
2712,494,539.18,1002.74,11.49,12.74,0.2924,-1,-1,-1
2713,494,539.47,1002.75,11.04,12.19,0.3594,-1,-1,-1
2714,494,539.35,1002.74,11.15,12.25,0.3341,-1,-1,-1
2715,494,539.24,1002.74,11.22,12.26,0.3279,-1,-1,-1
2716,494,539.59,1002.60,11.02,12.17,0.3735,-1,-1,-1
2717,494,539.60,1002.58,11.08,12.35,0.3314,-1,-1,-1
2718,494,539.80,1002.59,10.80,12.15,0.3618,-1,-1,-1
2719,494,539.74,1002.68,10.68,12.04,0.3240,-1,-1,-1
2720,494,539.78,1002.61,10.78,12.23,0.3506,-1,-1,-1
2721,494,539.43,1002.60,10.92,12.31,0.3557,-1,-1,-1
2722,494,539.59,1002.60,10.97,12.57,0.3326,-1,-1,-1
2723,494,538.84,1002.51,11.22,12.53,0.3449,-1,-1,-1
2724,494,538.97,1002.52,11.25,12.45,0.3159,-1,-1,-1
2725,494,539.47,1002.55,11.06,12.32,0.3645,-1,-1,-1
2726,494,539.75,1002.66,10.79,12.02,0.3708,-1,-1,-1
2727,494,539.02,1002.70,11.17,12.10,0.3498,-1,-1,-1
2728,494,539.55,1002.71,10.96,11.92,0.3342,-1,-1,-1
2729,494,538.80,1002.59,11.32,12.00,0.3210,-1,-1,-1
2730,494,538.14,1002.49,12.15,12.60,0.3164,-1,-1,-1
2731,494,538.18,1002.54,11.95,12.24,0.3128,-1,-1,-1
2732,494,538.41,1002.60,11.70,11.98,0.2842,-1,-1,-1
2733,494,538.44,1002.63,11.64,11.88,0.2834,-1,-1,-1
2734,494,538.71,1002.65,11.51,11.82,0.3714,-1,-1,-1
2735,494,538.64,1002.62,11.69,12.13,0.3825,-1,-1,-1
2736,494,539.17,1002.56,11.31,12.00,0.3653,-1,-1,-1
2737,494,539.05,1002.69,11.15,11.84,0.3519,-1,-1,-1
2738,494,538.77,1002.68,11.42,12.17,0.3773,-1,-1,-1
2739,494,538.66,1002.69,11.41,12.05,0.3766,-1,-1,-1
2740,494,538.88,1002.72,11.27,11.87,0.3863,-1,-1,-1
2741,494,538.52,1002.73,11.54,12.15,0.3852,-1,-1,-1
2742,494,538.64,1002.76,11.31,11.89,0.3622,-1,-1,-1
2743,494,539.09,1002.84,10.98,11.64,0.3849,-1,-1,-1
2744,494,538.45,1002.77,11.51,12.14,0.4021,-1,-1,-1
2745,494,538.70,1002.81,11.23,11.80,0.3637,-1,-1,-1
2746,494,538.73,1002.82,11.26,11.78,0.4154,-1,-1,-1
2747,494,538.85,1002.82,11.14,11.66,0.3823,-1,-1,-1
2748,494,538.20,1002.78,11.50,11.87,0.3403,-1,-1,-1
2749,494,538.88,1002.79,11.43,11.90,0.4187,-1,-1,-1
2750,494,538.35,1002.78,11.70,12.06,0.3938,-1,-1,-1
2751,494,539.11,1002.87,11.45,11.93,0.3907,-1,-1,-1
2753,494,539.32,1002.79,11.50,12.15,0.3317,-1,-1,-1
2754,494,538.95,1002.60,11.70,12.39,0.2511,-1,-1,-1
2756,494,539.07,1002.47,11.40,12.20,0.2971,-1,-1,-1
2757,494,538.88,1002.43,11.50,12.39,0.3045,-1,-1,-1
2758,494,538.75,1002.37,11.66,12.64,0.2832,-1,-1,-1
2759,494,538.61,1002.35,11.72,12.74,0.2840,-1,-1,-1
2761,494,539.24,1002.62,11.31,12.45,0.2759,-1,-1,-1
2762,494,539.11,1002.41,11.19,12.36,0.2858,-1,-1,-1
2763,494,538.95,1002.37,11.21,12.38,0.2730,-1,-1,-1
2766,494,538.96,1002.40,11.56,13.00,0.2576,-1,-1,-1
2772,509,588.15,496.05,11.91,14.45,0.4741,-1,-1,-1
2773,509,588.14,496.13,11.81,14.33,0.2779,-1,-1,-1
2774,509,588.18,496.15,11.72,14.22,0.3239,-1,-1,-1
2775,509,588.11,496.08,11.83,14.32,0.3660,-1,-1,-1
2786,494,538.04,1002.09,11.88,12.87,0.2758,-1,-1,-1
2787,494,537.83,1002.06,12.28,12.90,0.2908,-1,-1,-1
2787,509,588.05,496.05,11.98,14.43,0.4356,-1,-1,-1
2788,494,537.68,1002.07,12.55,12.90,0.3127,-1,-1,-1
2788,509,587.91,496.19,11.92,14.20,0.3790,-1,-1,-1
2790,509,588.21,496.21,11.88,14.18,0.3225,-1,-1,-1
2791,509,588.22,496.10,11.99,14.35,0.3391,-1,-1,-1
2792,509,588.22,496.06,12.01,14.41,0.3630,-1,-1,-1
2793,509,588.32,496.05,11.81,14.13,0.4617,-1,-1,-1
2793,494,537.37,1002.15,12.79,13.08,0.3014,-1,-1,-1
2794,509,588.24,496.05,11.97,14.34,0.4182,-1,-1,-1
2795,509,588.24,495.92,12.05,14.55,0.2707,-1,-1,-1
2796,509,588.02,496.03,11.86,14.15,0.5044,-1,-1,-1
2796,494,538.02,1002.26,12.04,12.34,0.2610,-1,-1,-1
2797,509,588.59,496.11,11.64,13.99,0.3514,-1,-1,-1
2798,509,588.84,496.15,11.49,13.91,0.3102,-1,-1,-1
2798,494,537.70,1002.22,12.43,12.62,0.2580,-1,-1,-1
2799,509,589.02,496.16,11.37,13.87,0.3293,-1,-1,-1
2799,494,537.48,1002.13,13.07,13.14,0.2781,-1,-1,-1
2800,509,589.47,496.29,11.08,13.75,0.2745,-1,-1,-1
2800,494,537.67,1002.13,12.80,12.88,0.2595,-1,-1,-1
2803,494,537.60,1002.14,12.65,12.74,0.2674,-1,-1,-1
2804,494,537.83,1002.10,12.32,12.47,0.3070,-1,-1,-1
2805,494,537.87,1002.08,12.39,12.62,0.2997,-1,-1,-1
2806,494,537.83,1002.07,12.24,12.45,0.3063,-1,-1,-1
2807,494,537.40,1002.04,12.71,12.95,0.2721,-1,-1,-1
2808,494,537.36,1002.03,12.71,13.00,0.2534,-1,-1,-1
2809,494,537.31,1002.03,12.81,13.18,0.2739,-1,-1,-1
2815,509,589.01,495.83,11.08,14.02,0.3056,-1,-1,-1
2816,494,537.61,1002.08,12.53,12.91,0.2902,-1,-1,-1
