34,1,299.21,327.24,29.75,39.82,1.0000,-1,-1,-1
35,1,299.33,327.65,30.11,40.27,1.0000,-1,-1,-1
36,1,299.04,327.90,29.78,39.48,1.0000,-1,-1,-1
37,2,539.31,1001.82,11.05,15.41,1.0000,-1,-1,-1
37,1,297.43,327.20,31.69,40.48,1.0000,-1,-1,-1
38,2,539.82,1002.03,10.53,14.60,1.0000,-1,-1,-1
39,2,539.93,1002.04,10.40,14.59,1.0000,-1,-1,-1
39,1,300.53,327.31,28.23,41.09,1.0000,-1,-1,-1
40,2,540.17,1001.88,10.06,14.25,1.0000,-1,-1,-1
40,1,297.01,326.89,31.30,33.68,1.0000,-1,-1,-1
40,3,536.94,1000.86,14.30,16.03,1.0000,-1,-1,-1
41,2,540.44,1001.88,9.34,13.87,1.0000,-1,-1,-1
42,2,540.11,1001.72,9.66,14.75,1.0000,-1,-1,-1
43,2,540.20,1001.76,9.52,14.60,1.0000,-1,-1,-1
44,2,540.16,1001.68,9.58,14.54,1.0000,-1,-1,-1
45,2,540.34,1002.07,9.58,14.44,1.0000,-1,-1,-1
46,2,540.32,1002.04,9.59,14.39,1.0000,-1,-1,-1
47,2,540.34,1001.99,9.56,14.44,1.0000,-1,-1,-1
48,2,540.34,1001.96,9.56,14.53,1.0000,-1,-1,-1
49,2,540.46,1002.23,9.45,13.16,1.0000,-1,-1,-1
50,2,539.86,1002.15,10.08,13.53,1.0000,-1,-1,-1
51,2,539.31,1002.37,10.95,12.73,1.0000,-1,-1,-1
52,2,539.64,1002.23,10.45,12.73,1.0000,-1,-1,-1
53,2,540.11,1002.26,9.83,12.87,1.0000,-1,-1,-1
54,2,540.59,1002.38,9.32,12.30,1.0000,-1,-1,-1
55,2,540.64,1002.47,9.31,12.20,1.0000,-1,-1,-1
57,2,540.10,1002.57,10.21,12.14,1.0000,-1,-1,-1
58,2,540.25,1002.57,10.02,12.10,1.0000,-1,-1,-1
61,1,297.59,327.40,30.95,41.54,1.0000,-1,-1,-1
62,1,297.57,327.74,30.81,40.95,1.0000,-1,-1,-1
66,1,299.40,323.16,28.00,44.82,1.0000,-1,-1,-1
66,2,540.44,1001.74,8.87,12.76,1.0000,-1,-1,-1
67,1,299.31,323.12,27.84,43.96,1.0000,-1,-1,-1
68,1,298.23,323.18,29.57,44.95,1.0000,-1,-1,-1
69,1,298.29,322.34,31.76,46.33,1.0000,-1,-1,-1
70,2,540.55,1001.62,8.78,12.88,1.0000,-1,-1,-1
72,1,299.41,324.09,27.60,43.49,1.0000,-1,-1,-1
73,2,539.27,1001.75,10.67,13.99,1.0000,-1,-1,-1
74,2,540.53,1002.03,8.91,12.68,1.0000,-1,-1,-1
75,2,540.38,1002.29,9.26,12.28,1.0000,-1,-1,-1
75,1,297.34,325.75,30.44,38.86,1.0000,-1,-1,-1
76,2,540.47,1002.32,9.18,12.44,1.0000,-1,-1,-1
77,2,540.49,1002.31,9.15,12.43,1.0000,-1,-1,-1
78,2,540.71,1002.32,8.80,12.78,1.0000,-1,-1,-1
79,2,541.00,1002.41,8.48,12.29,1.0000,-1,-1,-1
80,2,541.02,1002.43,8.48,12.27,1.0000,-1,-1,-1
83,2,540.68,1002.59,9.10,12.29,1.0000,-1,-1,-1
84,2,540.73,1002.53,8.99,12.51,1.0000,-1,-1,-1
85,2,539.33,1002.28,10.73,12.67,1.0000,-1,-1,-1
86,2,538.99,1001.97,11.59,13.33,1.0000,-1,-1,-1
88,1,299.37,327.94,28.61,38.66,1.0000,-1,-1,-1
96,4,586.24,496.37,13.07,13.78,1.0000,-1,-1,-1
102,2,541.40,1002.80,8.09,11.55,1.0000,-1,-1,-1
103,2,541.40,1002.70,8.04,11.68,1.0000,-1,-1,-1
104,2,541.40,1002.73,8.02,12.01,1.0000,-1,-1,-1
105,2,541.37,1002.75,8.10,11.96,1.0000,-1,-1,-1
107,2,541.39,1002.70,8.00,11.68,1.0000,-1,-1,-1
108,2,541.31,1002.55,8.16,11.71,1.0000,-1,-1,-1
112,2,540.97,1002.19,8.54,12.25,1.0000,-1,-1,-1
113,2,540.70,1002.18,8.86,12.29,1.0000,-1,-1,-1
115,2,540.89,1002.14,8.49,12.62,1.0000,-1,-1,-1
116,2,540.74,1002.36,8.85,12.94,1.0000,-1,-1,-1
117,5,256.90,823.57,7.44,16.97,1.0000,-1,-1,-1
117,2,540.82,1002.32,8.66,12.37,1.0000,-1,-1,-1
118,2,540.80,1002.29,8.66,12.30,1.0000,-1,-1,-1
119,2,540.84,1002.31,8.60,12.27,1.0000,-1,-1,-1
120,2,541.01,1002.12,8.31,12.66,1.0000,-1,-1,-1
125,2,540.59,1002.31,9.27,12.03,1.0000,-1,-1,-1
126,2,540.92,1002.34,8.77,12.61,1.0000,-1,-1,-1
129,2,540.64,1002.40,9.09,12.62,1.0000,-1,-1,-1
130,2,540.67,1002.35,9.05,12.78,1.0000,-1,-1,-1
131,2,540.78,1002.36,8.98,12.21,1.0000,-1,-1,-1
132,2,540.95,1002.33,8.80,12.58,1.0000,-1,-1,-1
156,2,540.73,1002.34,8.92,12.24,1.0000,-1,-1,-1
157,2,541.21,1002.94,8.45,11.78,1.0000,-1,-1,-1
161,2,541.22,1002.85,8.62,11.65,1.0000,-1,-1,-1
162,2,541.04,1002.79,8.84,12.21,1.0000,-1,-1,-1
166,2,540.91,1002.72,9.04,12.18,1.0000,-1,-1,-1
167,2,541.01,1002.67,8.83,12.22,1.0000,-1,-1,-1
168,2,540.83,1002.65,9.05,12.34,1.0000,-1,-1,-1
169,2,541.26,1003.12,8.51,11.41,1.0000,-1,-1,-1
170,2,541.37,1003.08,8.31,11.44,1.0000,-1,-1,-1
171,2,541.33,1003.06,8.54,11.40,1.0000,-1,-1,-1
174,2,541.43,1002.68,8.32,11.84,1.0000,-1,-1,-1
176,2,541.26,1002.58,8.50,12.02,1.0000,-1,-1,-1
195,2,541.27,1003.24,8.71,11.31,1.0000,-1,-1,-1
196,2,541.10,1002.96,8.80,11.63,1.0000,-1,-1,-1
204,2,541.19,1002.85,8.58,11.73,1.0000,-1,-1,-1
205,2,540.37,1002.74,10.26,12.32,1.0000,-1,-1,-1
206,2,540.32,1002.55,9.57,12.62,1.0000,-1,-1,-1
207,2,540.44,1002.61,9.46,12.42,1.0000,-1,-1,-1
208,2,540.16,1002.64,10.13,12.42,1.0000,-1,-1,-1
209,2,540.31,1002.71,9.99,12.33,1.0000,-1,-1,-1
217,2,539.84,1002.52,9.77,12.20,1.0000,-1,-1,-1
218,2,539.78,1002.27,9.78,12.48,1.0000,-1,-1,-1
221,2,540.26,1002.73,9.42,11.90,1.0000,-1,-1,-1
222,2,540.30,1002.77,9.42,11.69,1.0000,-1,-1,-1
224,2,540.31,1002.84,9.48,11.63,1.0000,-1,-1,-1
225,2,540.37,1002.85,9.38,11.63,1.0000,-1,-1,-1
229,2,541.03,1002.44,8.61,12.49,1.0000,-1,-1,-1
230,2,540.98,1002.37,8.64,12.54,1.0000,-1,-1,-1
231,2,541.00,1002.10,8.55,12.86,1.0000,-1,-1,-1
246,2,541.00,1002.18,8.45,12.43,1.0000,-1,-1,-1
247,2,541.00,1002.61,8.33,12.11,1.0000,-1,-1,-1
249,2,541.01,1002.40,8.41,12.37,1.0000,-1,-1,-1
251,2,539.06,1002.23,11.09,12.56,1.0000,-1,-1,-1
252,2,537.74,1002.11,12.75,12.80,1.0000,-1,-1,-1
261,2,541.42,1003.12,8.07,11.54,1.0000,-1,-1,-1
283,6,423.45,292.02,22.74,17.06,1.0000,-1,-1,-1
284,7,432.28,288.23,22.37,16.24,1.0000,-1,-1,-1
293,8,515.75,262.37,22.91,16.76,1.0000,-1,-1,-1
301,9,563.90,207.44,18.70,16.34,1.0000,-1,-1,-1
302,9,568.99,201.99,19.41,16.65,1.0000,-1,-1,-1
304,2,541.40,1003.20,7.88,12.61,1.0000,-1,-1,-1
305,10,587.74,187.56,20.84,16.67,1.0000,-1,-1,-1
305,2,541.38,1003.18,7.91,12.69,1.0000,-1,-1,-1
306,10,594.49,183.58,21.93,16.20,1.0000,-1,-1,-1
306,2,541.18,1003.37,8.26,12.15,1.0000,-1,-1,-1
308,11,610.01,181.12,22.52,14.92,1.0000,-1,-1,-1
309,11,617.10,182.08,21.30,17.04,1.0000,-1,-1,-1
309,2,541.21,1003.30,8.41,12.19,1.0000,-1,-1,-1
310,2,541.26,1003.26,8.29,12.23,1.0000,-1,-1,-1
311,2,541.25,1003.26,8.32,12.24,1.0000,-1,-1,-1
313,2,541.18,1003.23,8.28,12.07,1.0000,-1,-1,-1
318,2,541.20,1003.13,8.11,11.32,1.0000,-1,-1,-1
319,12,705.63,187.34,24.91,16.77,1.0000,-1,-1,-1
319,2,541.21,1003.12,8.10,11.31,1.0000,-1,-1,-1
323,13,735.89,183.81,20.93,16.66,1.0000,-1,-1,-1
324,13,739.89,179.18,20.31,18.51,1.0000,-1,-1,-1
332,2,540.15,1002.42,9.30,12.93,1.0000,-1,-1,-1
337,14,696.22,111.24,32.75,24.14,1.0000,-1,-1,-1
346,4,592.28,496.38,5.23,13.84,1.0000,-1,-1,-1
349,2,541.01,1002.94,9.03,12.77,1.0000,-1,-1,-1
350,2,541.02,1002.73,9.01,13.13,1.0000,-1,-1,-1
351,2,541.34,1003.13,8.47,11.94,1.0000,-1,-1,-1
352,2,541.17,1002.87,8.86,13.57,1.0000,-1,-1,-1
353,2,541.18,1002.91,8.86,13.55,1.0000,-1,-1,-1
354,2,541.24,1002.76,8.73,12.52,1.0000,-1,-1,-1
357,15,703.66,215.32,21.03,13.28,1.0000,-1,-1,-1
358,2,540.80,1002.65,9.32,13.84,1.0000,-1,-1,-1
359,2,540.90,1002.67,9.18,13.80,1.0000,-1,-1,-1
360,2,541.07,1002.60,8.90,13.15,1.0000,-1,-1,-1
362,16,722.56,185.80,20.64,18.08,1.0000,-1,-1,-1
369,17,706.56,175.78,24.53,14.16,1.0000,-1,-1,-1
370,17,702.89,178.79,25.14,12.85,1.0000,-1,-1,-1
373,2,540.21,1002.91,9.39,12.83,1.0000,-1,-1,-1
374,2,540.63,1003.00,8.77,12.06,1.0000,-1,-1,-1
375,2,539.79,1002.81,9.82,12.45,1.0000,-1,-1,-1
376,2,540.43,1002.95,9.04,11.53,1.0000,-1,-1,-1
377,2,540.94,1002.98,8.40,11.64,1.0000,-1,-1,-1
378,18,681.75,183.97,22.96,12.53,1.0000,-1,-1,-1
378,2,540.81,1002.93,8.51,11.45,1.0000,-1,-1,-1
379,2,540.64,1002.89,8.62,11.57,1.0000,-1,-1,-1
380,2,540.82,1003.01,8.51,11.43,1.0000,-1,-1,-1
381,2,540.79,1003.03,8.63,11.43,1.0000,-1,-1,-1
382,2,540.83,1003.00,8.58,11.42,1.0000,-1,-1,-1
383,2,540.00,1002.56,9.55,11.90,1.0000,-1,-1,-1
384,2,539.94,1002.27,9.48,12.19,1.0000,-1,-1,-1
392,19,628.09,198.59,22.22,12.36,1.0000,-1,-1,-1
397,2,540.55,1002.54,8.56,11.89,1.0000,-1,-1,-1
398,2,541.29,1002.60,7.83,11.53,1.0000,-1,-1,-1
399,2,540.49,1002.01,8.75,13.71,1.0000,-1,-1,-1
400,2,540.84,1002.02,8.37,13.38,1.0000,-1,-1,-1
401,2,541.10,1002.52,8.10,11.60,1.0000,-1,-1,-1
403,2,541.14,1002.69,8.14,11.69,1.0000,-1,-1,-1
404,2,541.28,1002.72,7.95,11.63,1.0000,-1,-1,-1
405,2,540.93,1002.44,8.32,12.01,1.0000,-1,-1,-1
406,20,544.09,146.75,21.13,12.05,1.0000,-1,-1,-1
407,20,540.34,142.79,23.32,14.99,1.0000,-1,-1,-1
409,2,540.73,1002.53,8.47,12.55,1.0000,-1,-1,-1
411,2,541.05,1002.77,8.29,11.53,1.0000,-1,-1,-1
412,2,540.89,1002.81,8.63,12.06,1.0000,-1,-1,-1
414,2,540.14,1002.75,9.41,12.16,1.0000,-1,-1,-1
418,2,540.33,1002.87,9.28,11.71,1.0000,-1,-1,-1
427,21,464.27,738.33,8.43,9.77,1.0000,-1,-1,-1
434,4,591.24,495.46,8.82,14.95,1.0000,-1,-1,-1
437,4,591.80,495.59,7.79,14.78,1.0000,-1,-1,-1
457,2,541.29,1002.78,7.83,12.33,1.0000,-1,-1,-1
469,2,541.49,1002.75,7.78,12.40,1.0000,-1,-1,-1
472,2,541.27,1002.68,8.01,12.55,1.0000,-1,-1,-1
473,2,540.85,1002.65,8.49,13.18,1.0000,-1,-1,-1
474,2,541.02,1002.55,8.30,12.25,1.0000,-1,-1,-1
475,2,540.57,1002.54,8.88,12.75,1.0000,-1,-1,-1
480,3,538.86,1002.66,11.64,14.28,1.0000,-1,-1,-1
482,22,472.22,785.56,7.60,12.75,1.0000,-1,-1,-1
487,4,589.42,497.24,10.15,13.13,1.0000,-1,-1,-1
493,2,541.35,1002.87,7.86,11.81,1.0000,-1,-1,-1
495,2,540.40,1001.81,9.04,13.05,1.0000,-1,-1,-1
495,23,479.99,204.54,15.33,16.24,1.0000,-1,-1,-1
496,2,540.89,1002.51,8.59,13.21,1.0000,-1,-1,-1
497,2,541.09,1002.73,8.32,12.69,1.0000,-1,-1,-1
501,2,541.47,1002.94,7.33,12.33,1.0000,-1,-1,-1
502,2,541.38,1003.25,8.40,11.60,1.0000,-1,-1,-1
504,2,541.16,1003.13,8.72,12.14,1.0000,-1,-1,-1
505,2,540.86,1003.22,9.91,11.67,1.0000,-1,-1,-1
506,2,540.47,1003.07,10.54,11.89,1.0000,-1,-1,-1
507,2,540.56,1003.09,10.51,11.60,1.0000,-1,-1,-1
508,2,540.56,1002.98,10.06,11.47,1.0000,-1,-1,-1
509,2,540.53,1003.02,9.69,11.57,1.0000,-1,-1,-1
510,2,540.81,1002.90,9.17,11.63,1.0000,-1,-1,-1
511,3,539.63,1002.95,11.46,12.53,1.0000,-1,-1,-1
512,3,540.02,1002.92,10.42,12.22,1.0000,-1,-1,-1
513,3,539.64,1002.93,10.81,12.34,1.0000,-1,-1,-1
514,3,539.98,1002.90,10.08,12.35,1.0000,-1,-1,-1
515,3,539.86,1002.99,10.27,12.27,1.0000,-1,-1,-1
516,3,540.14,1003.02,10.28,12.24,1.0000,-1,-1,-1
529,2,541.19,1002.83,8.42,11.58,1.0000,-1,-1,-1
530,2,541.20,1002.95,8.50,11.45,1.0000,-1,-1,-1
531,2,541.26,1002.95,8.40,11.57,1.0000,-1,-1,-1
532,2,541.21,1002.94,8.43,11.49,1.0000,-1,-1,-1
533,2,541.22,1003.00,8.44,11.49,1.0000,-1,-1,-1
534,2,541.31,1003.01,8.24,11.83,1.0000,-1,-1,-1
535,2,541.10,1002.90,8.72,11.83,1.0000,-1,-1,-1
536,2,541.00,1002.90,8.98,12.62,1.0000,-1,-1,-1
538,2,540.81,1002.80,9.36,12.25,1.0000,-1,-1,-1
539,2,540.92,1002.83,9.03,12.69,1.0000,-1,-1,-1
540,2,540.74,1002.80,9.27,12.31,1.0000,-1,-1,-1
540,24,310.86,151.52,18.73,14.69,1.0000,-1,-1,-1
541,24,301.01,152.02,22.49,13.43,1.0000,-1,-1,-1
541,3,539.48,1002.79,11.17,11.91,1.0000,-1,-1,-1
542,2,540.29,1002.65,9.77,11.94,1.0000,-1,-1,-1
542,24,299.15,153.39,21.53,13.79,1.0000,-1,-1,-1
543,24,297.16,154.99,20.39,14.35,1.0000,-1,-1,-1
543,2,540.63,1002.80,9.62,11.90,1.0000,-1,-1,-1
544,2,540.69,1002.86,9.38,11.90,1.0000,-1,-1,-1
545,2,540.56,1002.62,9.51,12.17,1.0000,-1,-1,-1
546,3,540.00,1002.80,10.56,12.28,1.0000,-1,-1,-1
551,3,539.89,1002.80,10.62,11.98,1.0000,-1,-1,-1
553,3,539.98,1002.65,9.79,12.27,1.0000,-1,-1,-1
554,3,539.81,1002.72,10.26,11.77,1.0000,-1,-1,-1
556,2,540.59,1002.77,9.25,12.02,1.0000,-1,-1,-1
557,2,540.67,1002.67,9.28,11.91,1.0000,-1,-1,-1
558,2,540.86,1002.82,8.90,11.66,1.0000,-1,-1,-1
559,2,540.62,1002.79,9.27,11.60,1.0000,-1,-1,-1
560,25,374.65,213.08,25.04,13.08,1.0000,-1,-1,-1
560,2,540.48,1002.73,9.80,11.97,1.0000,-1,-1,-1
561,2,540.88,1002.90,9.14,11.60,1.0000,-1,-1,-1
562,2,540.93,1002.87,9.06,11.64,1.0000,-1,-1,-1
563,2,540.99,1002.76,8.88,11.70,1.0000,-1,-1,-1
564,2,540.94,1002.91,9.10,11.62,1.0000,-1,-1,-1
565,3,540.38,1002.59,9.59,12.86,1.0000,-1,-1,-1
566,3,540.88,1002.47,8.96,12.80,1.0000,-1,-1,-1
567,3,540.80,1002.50,9.08,12.58,1.0000,-1,-1,-1
568,26,438.94,185.45,25.10,14.03,1.0000,-1,-1,-1
568,3,539.94,1002.36,10.28,13.28,1.0000,-1,-1,-1
569,2,540.87,1002.56,8.92,12.23,1.0000,-1,-1,-1
569,26,447.96,184.31,23.97,18.96,1.0000,-1,-1,-1
570,2,540.75,1002.64,9.17,12.30,1.0000,-1,-1,-1
571,2,540.88,1002.73,8.88,12.22,1.0000,-1,-1,-1
571,27,463.96,184.26,24.01,13.66,1.0000,-1,-1,-1
572,2,540.68,1002.57,9.20,12.10,1.0000,-1,-1,-1
573,28,480.02,181.74,23.34,13.92,1.0000,-1,-1,-1
573,2,540.68,1002.58,9.19,12.21,1.0000,-1,-1,-1
574,2,540.55,1002.51,9.32,12.72,1.0000,-1,-1,-1
575,2,540.86,1002.59,8.85,12.36,1.0000,-1,-1,-1
576,29,502.37,178.13,22.74,13.10,1.0000,-1,-1,-1
576,2,540.78,1002.51,8.88,12.19,1.0000,-1,-1,-1
577,3,540.72,1002.70,9.63,12.82,1.0000,-1,-1,-1
578,3,540.46,1002.65,9.81,12.65,1.0000,-1,-1,-1
579,3,540.39,1002.62,10.36,12.02,1.0000,-1,-1,-1
580,3,540.29,1002.59,10.19,12.34,1.0000,-1,-1,-1
581,3,540.28,1002.56,10.18,12.40,1.0000,-1,-1,-1
581,30,536.17,168.97,20.41,14.89,1.0000,-1,-1,-1
582,3,540.39,1002.56,9.62,12.63,1.0000,-1,-1,-1
582,30,543.11,165.40,19.59,14.68,1.0000,-1,-1,-1
583,30,546.89,160.75,21.38,15.09,1.0000,-1,-1,-1
583,31,546.62,160.88,21.81,14.84,1.0000,-1,-1,-1
583,3,540.12,1002.48,9.80,13.11,1.0000,-1,-1,-1
584,30,552.30,155.77,21.41,16.28,1.0000,-1,-1,-1
584,31,552.33,155.83,21.37,16.09,1.0000,-1,-1,-1
584,3,540.08,1002.49,9.90,13.09,1.0000,-1,-1,-1
585,31,558.86,152.25,20.77,15.37,1.0000,-1,-1,-1
585,3,539.81,1002.34,10.68,13.44,1.0000,-1,-1,-1
585,30,558.83,152.19,20.94,15.38,1.0000,-1,-1,-1
586,30,564.88,148.63,21.41,15.15,1.0000,-1,-1,-1
586,3,539.79,1002.34,10.75,13.49,1.0000,-1,-1,-1
587,30,571.59,145.15,20.20,14.68,1.0000,-1,-1,-1
587,3,539.81,1002.35,10.70,13.41,1.0000,-1,-1,-1
588,3,539.61,1002.31,10.75,13.46,1.0000,-1,-1,-1
588,30,578.00,141.82,21.45,15.23,1.0000,-1,-1,-1
589,30,584.19,137.84,21.54,15.76,1.0000,-1,-1,-1
589,3,539.88,1002.38,10.56,13.30,1.0000,-1,-1,-1
590,30,591.29,136.24,19.24,14.48,1.0000,-1,-1,-1
591,30,595.98,135.04,20.46,13.92,1.0000,-1,-1,-1
592,30,599.43,134.09,21.47,14.38,1.0000,-1,-1,-1
592,3,538.08,1001.92,12.49,13.86,1.0000,-1,-1,-1
593,30,603.37,135.44,20.86,13.22,1.0000,-1,-1,-1
593,3,539.17,1002.36,11.10,12.70,1.0000,-1,-1,-1
595,32,612.32,139.32,20.30,14.70,1.0000,-1,-1,-1
596,32,616.17,142.08,21.74,15.58,1.0000,-1,-1,-1
597,32,619.63,143.82,21.42,15.97,1.0000,-1,-1,-1
599,32,623.60,143.76,24.54,16.33,1.0000,-1,-1,-1
601,3,540.01,1002.56,10.14,12.40,1.0000,-1,-1,-1
602,3,540.08,1002.57,10.08,12.53,1.0000,-1,-1,-1
607,3,539.67,1002.48,10.79,12.33,1.0000,-1,-1,-1
609,3,539.89,1002.73,9.59,12.30,1.0000,-1,-1,-1
612,3,539.32,1002.71,10.94,12.24,1.0000,-1,-1,-1
613,3,539.99,1002.75,10.31,12.74,1.0000,-1,-1,-1
614,3,540.20,1002.82,9.84,12.02,1.0000,-1,-1,-1
615,3,540.35,1002.88,9.99,11.86,1.0000,-1,-1,-1
616,3,540.56,1002.86,9.66,12.02,1.0000,-1,-1,-1
617,2,540.90,1002.67,8.92,11.90,1.0000,-1,-1,-1
618,2,540.92,1002.62,8.84,12.18,1.0000,-1,-1,-1
619,2,540.94,1002.61,8.79,12.25,1.0000,-1,-1,-1
620,3,540.50,1002.60,9.46,12.47,1.0000,-1,-1,-1
621,3,540.44,1002.62,9.52,12.46,1.0000,-1,-1,-1
622,3,540.16,1002.50,9.71,12.47,1.0000,-1,-1,-1
623,3,539.43,1002.58,10.88,12.58,1.0000,-1,-1,-1
624,3,539.96,1002.62,9.91,12.45,1.0000,-1,-1,-1
625,3,539.10,1002.60,11.19,12.67,1.0000,-1,-1,-1
635,2,540.77,1002.99,9.46,11.25,1.0000,-1,-1,-1
649,2,540.43,1002.17,9.30,12.50,1.0000,-1,-1,-1
650,3,539.43,1001.94,10.48,13.31,1.0000,-1,-1,-1
651,2,540.85,1001.66,8.67,13.10,1.0000,-1,-1,-1
653,2,540.23,1002.24,9.43,12.71,1.0000,-1,-1,-1
654,2,540.51,1002.41,9.26,12.27,1.0000,-1,-1,-1
656,33,104.56,710.40,6.65,8.29,1.0000,-1,-1,-1
656,2,540.54,1002.25,9.12,12.33,1.0000,-1,-1,-1
685,3,539.01,1002.12,10.55,13.83,1.0000,-1,-1,-1
687,3,539.32,1002.28,10.28,13.18,1.0000,-1,-1,-1
689,3,539.03,1002.26,10.71,13.15,1.0000,-1,-1,-1
690,2,539.80,1002.42,9.78,12.23,1.0000,-1,-1,-1
691,2,539.83,1002.48,9.78,12.18,1.0000,-1,-1,-1
692,2,539.61,1002.35,10.06,12.40,1.0000,-1,-1,-1
693,2,539.53,1002.30,10.15,12.45,1.0000,-1,-1,-1
721,3,538.58,1000.89,11.13,13.60,1.0000,-1,-1,-1
768,2,539.89,1002.53,10.31,12.80,1.0000,-1,-1,-1
769,2,541.04,1002.36,8.51,12.30,1.0000,-1,-1,-1
770,2,540.99,1002.61,8.90,12.03,1.0000,-1,-1,-1
771,2,541.18,1002.52,8.15,11.97,1.0000,-1,-1,-1
772,2,541.08,1002.60,8.47,11.88,1.0000,-1,-1,-1
773,2,540.76,1002.55,8.85,11.88,1.0000,-1,-1,-1
774,2,540.83,1002.52,8.69,12.00,1.0000,-1,-1,-1
775,2,540.77,1002.53,8.78,12.13,1.0000,-1,-1,-1
776,2,540.77,1002.47,8.73,12.20,1.0000,-1,-1,-1
777,2,540.79,1002.47,8.69,12.24,1.0000,-1,-1,-1
789,2,540.56,1002.47,8.89,11.63,1.0000,-1,-1,-1
791,2,540.78,1003.12,8.79,11.12,1.0000,-1,-1,-1
793,2,540.03,1002.39,9.55,12.96,1.0000,-1,-1,-1
794,2,540.74,1002.58,8.87,12.98,1.0000,-1,-1,-1
795,2,540.18,1002.45,9.54,13.11,1.0000,-1,-1,-1
796,2,539.68,1002.42,10.03,12.50,1.0000,-1,-1,-1
797,2,539.88,1002.52,9.85,12.25,1.0000,-1,-1,-1
798,2,539.98,1002.57,9.77,12.19,1.0000,-1,-1,-1
799,2,540.53,1002.50,8.89,11.92,1.0000,-1,-1,-1
800,2,540.66,1002.67,8.86,11.82,1.0000,-1,-1,-1
801,2,540.77,1002.63,8.69,11.82,1.0000,-1,-1,-1
802,2,540.82,1002.47,8.51,12.24,1.0000,-1,-1,-1
804,2,539.99,1002.12,9.41,13.46,1.0000,-1,-1,-1
805,2,540.95,1002.33,8.31,12.07,1.0000,-1,-1,-1
810,2,540.27,1001.97,9.19,12.56,1.0000,-1,-1,-1
811,2,540.35,1002.81,9.20,11.89,1.0000,-1,-1,-1
817,2,540.43,1002.48,8.73,12.08,1.0000,-1,-1,-1
818,2,540.28,1002.55,8.89,11.89,1.0000,-1,-1,-1
819,2,540.41,1002.55,8.79,11.79,1.0000,-1,-1,-1
821,2,540.38,1002.72,8.94,11.49,1.0000,-1,-1,-1
822,2,540.64,1002.75,8.73,11.52,1.0000,-1,-1,-1
823,2,540.67,1002.76,8.70,11.50,1.0000,-1,-1,-1
826,2,540.79,1002.68,8.54,11.59,1.0000,-1,-1,-1
827,2,540.56,1002.61,9.03,11.73,1.0000,-1,-1,-1
843,3,539.43,1001.53,9.98,14.06,1.0000,-1,-1,-1
846,2,540.61,1001.52,8.89,13.62,1.0000,-1,-1,-1
853,3,538.55,1002.01,11.42,13.07,1.0000,-1,-1,-1
858,2,540.35,1002.57,9.46,12.54,1.0000,-1,-1,-1
867,2,541.12,1002.87,8.69,12.44,1.0000,-1,-1,-1
868,2,541.41,1002.95,8.48,11.63,1.0000,-1,-1,-1
869,2,541.25,1002.91,8.47,11.92,1.0000,-1,-1,-1
870,2,541.02,1002.73,8.99,11.98,1.0000,-1,-1,-1
871,2,541.20,1002.61,8.57,11.93,1.0000,-1,-1,-1
872,2,540.98,1002.82,9.03,11.88,1.0000,-1,-1,-1
873,2,541.20,1002.67,8.66,12.00,1.0000,-1,-1,-1
874,2,541.03,1002.54,9.09,11.99,1.0000,-1,-1,-1
889,3,536.81,1001.16,13.96,14.66,1.0000,-1,-1,-1
891,2,539.45,1001.59,10.36,13.81,1.0000,-1,-1,-1
892,2,539.78,1001.66,10.19,13.46,1.0000,-1,-1,-1
893,2,539.69,1001.64,9.96,13.16,1.0000,-1,-1,-1
894,2,539.80,1001.75,9.76,13.04,1.0000,-1,-1,-1
895,2,539.93,1001.79,9.60,12.98,1.0000,-1,-1,-1
896,2,538.22,1002.12,11.75,12.70,1.0000,-1,-1,-1
897,2,539.86,1002.33,9.68,12.27,1.0000,-1,-1,-1
898,2,540.31,1002.24,9.26,12.35,1.0000,-1,-1,-1
899,2,540.33,1001.94,9.25,12.58,1.0000,-1,-1,-1
900,2,540.85,1002.25,8.76,12.15,1.0000,-1,-1,-1
913,3,538.01,1002.96,13.33,11.67,1.0000,-1,-1,-1
914,3,539.86,1003.10,10.67,11.67,1.0000,-1,-1,-1
915,3,539.63,1003.06,10.91,11.69,1.0000,-1,-1,-1
916,3,539.45,1002.95,10.73,11.66,1.0000,-1,-1,-1
917,3,538.67,1002.97,11.85,11.71,1.0000,-1,-1,-1
918,3,538.20,1002.95,12.49,11.73,1.0000,-1,-1,-1
919,3,539.24,1003.00,10.88,11.74,1.0000,-1,-1,-1
920,3,539.56,1003.05,10.48,11.82,1.0000,-1,-1,-1
921,3,539.51,1003.09,10.96,11.85,1.0000,-1,-1,-1
922,3,539.30,1003.03,11.20,11.92,1.0000,-1,-1,-1
923,3,540.04,1003.14,10.26,11.73,1.0000,-1,-1,-1
924,3,538.74,1002.95,11.88,11.92,1.0000,-1,-1,-1
925,2,541.08,1002.91,9.05,11.70,1.0000,-1,-1,-1
926,2,540.86,1002.89,9.25,12.28,1.0000,-1,-1,-1
927,2,540.26,1002.94,9.81,11.77,1.0000,-1,-1,-1
928,2,540.65,1002.69,9.12,13.36,1.0000,-1,-1,-1
929,2,539.93,1002.55,10.00,13.71,1.0000,-1,-1,-1
930,2,540.70,1002.71,9.02,11.94,1.0000,-1,-1,-1
931,2,540.35,1002.71,9.52,12.02,1.0000,-1,-1,-1
933,2,540.59,1002.75,9.31,11.89,1.0000,-1,-1,-1
935,2,541.01,1002.71,8.68,11.81,1.0000,-1,-1,-1
936,2,541.05,1002.79,8.59,11.59,1.0000,-1,-1,-1
937,3,539.64,1002.80,10.53,12.07,1.0000,-1,-1,-1
947,3,539.38,1002.60,10.70,12.69,1.0000,-1,-1,-1
957,2,540.85,1002.92,8.49,12.48,1.0000,-1,-1,-1
962,3,539.87,1002.67,9.62,12.14,1.0000,-1,-1,-1
969,2,541.19,1002.57,8.02,12.40,1.0000,-1,-1,-1
970,2,540.83,1002.25,8.60,12.65,1.0000,-1,-1,-1
971,2,540.87,1002.47,8.54,12.34,1.0000,-1,-1,-1
974,4,590.89,495.85,9.04,14.19,1.0000,-1,-1,-1
977,2,540.68,1002.57,8.86,12.77,1.0000,-1,-1,-1
978,2,541.08,1002.89,8.38,12.55,1.0000,-1,-1,-1
979,2,540.84,1002.66,8.76,13.50,1.0000,-1,-1,-1
980,2,540.72,1002.70,8.78,12.83,1.0000,-1,-1,-1
981,4,592.29,496.94,7.40,13.17,1.0000,-1,-1,-1
981,2,540.12,1002.35,9.41,13.48,1.0000,-1,-1,-1
982,2,540.28,1002.30,9.13,13.85,1.0000,-1,-1,-1
983,2,540.46,1002.59,9.01,13.62,1.0000,-1,-1,-1
984,2,540.00,1002.37,9.56,14.04,1.0000,-1,-1,-1
987,4,591.46,495.54,8.68,15.57,1.0000,-1,-1,-1
987,3,538.79,1002.68,10.92,12.11,1.0000,-1,-1,-1
995,2,541.00,1002.30,8.49,12.46,1.0000,-1,-1,-1
996,2,541.12,1002.63,8.16,12.10,1.0000,-1,-1,-1
997,2,540.37,1002.49,9.45,12.52,1.0000,-1,-1,-1
1001,2,541.42,1002.93,7.86,11.48,1.0000,-1,-1,-1
1003,2,541.16,1002.86,8.25,11.41,1.0000,-1,-1,-1
1004,2,541.23,1002.71,8.17,11.56,1.0000,-1,-1,-1
1009,2,541.07,1003.06,8.67,12.82,1.0000,-1,-1,-1
1011,2,541.21,1002.95,8.24,12.02,1.0000,-1,-1,-1
1012,2,541.13,1002.85,8.23,12.19,1.0000,-1,-1,-1
1013,2,541.19,1002.91,8.21,12.27,1.0000,-1,-1,-1
1014,2,541.22,1002.91,8.15,12.03,1.0000,-1,-1,-1
1015,4,590.36,495.14,9.56,14.71,1.0000,-1,-1,-1
1016,2,541.48,1002.89,7.86,11.74,1.0000,-1,-1,-1
1020,2,541.25,1002.75,8.17,11.76,1.0000,-1,-1,-1
1031,2,540.74,1002.80,9.37,11.94,1.0000,-1,-1,-1
1032,2,541.03,1002.67,8.52,12.05,1.0000,-1,-1,-1
1033,2,540.76,1002.13,8.65,12.26,1.0000,-1,-1,-1
1060,3,539.70,1002.38,10.14,12.76,1.0000,-1,-1,-1
1061,3,540.04,1002.26,9.63,13.10,1.0000,-1,-1,-1
1062,3,540.09,1002.23,9.61,13.10,1.0000,-1,-1,-1
1063,3,540.38,1002.22,9.19,12.64,1.0000,-1,-1,-1
1064,3,540.05,1002.25,9.63,12.63,1.0000,-1,-1,-1
1065,3,540.12,1002.30,9.53,12.60,1.0000,-1,-1,-1
1066,3,540.10,1002.37,9.57,12.50,1.0000,-1,-1,-1
1067,3,540.04,1002.37,9.63,12.52,1.0000,-1,-1,-1
1068,3,539.91,1002.32,9.78,12.57,1.0000,-1,-1,-1
1079,34,666.39,584.08,26.02,15.85,1.0000,-1,-1,-1
1081,3,540.25,1002.73,9.88,12.13,1.0000,-1,-1,-1
1082,35,668.25,591.14,28.73,19.57,1.0000,-1,-1,-1
1082,3,540.62,1002.92,9.57,11.65,1.0000,-1,-1,-1
1083,3,540.26,1002.62,9.84,12.22,1.0000,-1,-1,-1
1084,3,540.05,1002.60,10.23,12.10,1.0000,-1,-1,-1
1085,3,539.89,1003.00,10.58,11.74,1.0000,-1,-1,-1
1086,2,541.01,1002.82,8.84,11.96,1.0000,-1,-1,-1
1093,2,540.57,1002.73,9.25,11.81,1.0000,-1,-1,-1
1094,2,540.18,1002.70,9.84,11.88,1.0000,-1,-1,-1
1095,2,540.27,1002.58,9.59,12.00,1.0000,-1,-1,-1
1095,36,531.45,608.52,9.21,15.65,1.0000,-1,-1,-1
1098,3,539.59,1002.62,10.67,12.27,1.0000,-1,-1,-1
1104,2,541.25,1002.92,8.34,11.54,1.0000,-1,-1,-1
1107,3,540.52,1002.87,9.83,11.58,1.0000,-1,-1,-1
1108,3,540.72,1002.62,9.22,11.85,1.0000,-1,-1,-1
1110,3,540.49,1002.94,9.70,11.55,1.0000,-1,-1,-1
1111,3,540.18,1002.85,9.76,11.58,1.0000,-1,-1,-1
1112,3,540.21,1002.85,9.61,11.60,1.0000,-1,-1,-1
1113,3,539.08,1002.74,11.01,11.95,1.0000,-1,-1,-1
1113,4,591.29,495.93,7.94,13.99,1.0000,-1,-1,-1
1114,3,537.96,1002.54,12.17,12.11,1.0000,-1,-1,-1
1115,4,591.82,495.92,7.44,14.18,1.0000,-1,-1,-1
1115,3,539.31,1002.70,10.69,11.92,1.0000,-1,-1,-1
1116,3,539.37,1002.72,10.38,11.90,1.0000,-1,-1,-1
1118,2,540.93,1002.84,8.77,11.57,1.0000,-1,-1,-1
1120,2,540.71,1002.70,9.09,12.29,1.0000,-1,-1,-1
1124,2,541.10,1002.53,8.33,11.55,1.0000,-1,-1,-1
1125,2,541.24,1002.43,8.01,12.18,1.0000,-1,-1,-1
1126,2,540.88,1002.65,8.51,11.59,1.0000,-1,-1,-1
1128,2,540.97,1002.59,8.23,11.92,1.0000,-1,-1,-1
1129,2,540.94,1002.69,8.41,11.89,1.0000,-1,-1,-1
1130,2,540.52,1002.50,8.93,12.25,1.0000,-1,-1,-1
1131,2,540.87,1002.65,8.48,11.88,1.0000,-1,-1,-1
1132,2,540.46,1002.59,9.03,12.51,1.0000,-1,-1,-1
1133,2,540.52,1002.69,8.97,12.44,1.0000,-1,-1,-1
1134,2,540.85,1002.70,8.54,12.90,1.0000,-1,-1,-1
1135,2,540.72,1002.65,8.66,13.04,1.0000,-1,-1,-1
1136,2,540.82,1002.95,8.74,12.04,1.0000,-1,-1,-1
1137,2,540.48,1002.64,9.10,12.07,1.0000,-1,-1,-1
1138,2,540.91,1002.93,8.65,11.88,1.0000,-1,-1,-1
1139,3,538.05,1002.54,11.58,12.76,1.0000,-1,-1,-1
1140,2,540.68,1002.68,8.76,12.29,1.0000,-1,-1,-1
1141,2,540.66,1002.62,8.80,12.29,1.0000,-1,-1,-1
1142,2,540.49,1002.60,9.00,12.27,1.0000,-1,-1,-1
1143,2,540.69,1002.56,8.84,12.27,1.0000,-1,-1,-1
1144,2,540.87,1002.38,8.61,12.92,1.0000,-1,-1,-1
1145,2,540.94,1002.60,8.47,12.08,1.0000,-1,-1,-1
1146,2,540.63,1002.40,8.80,13.19,1.0000,-1,-1,-1
1147,2,540.65,1002.43,8.76,13.06,1.0000,-1,-1,-1
1148,2,540.47,1002.32,9.00,13.32,1.0000,-1,-1,-1
1149,2,540.36,1002.33,9.12,13.33,1.0000,-1,-1,-1
1150,2,540.60,1002.42,8.84,12.64,1.0000,-1,-1,-1
1151,2,540.26,1002.53,9.24,12.80,1.0000,-1,-1,-1
1152,2,539.99,1002.41,9.69,12.67,1.0000,-1,-1,-1
1155,2,540.76,1002.57,8.33,12.31,1.0000,-1,-1,-1
1156,2,540.24,1002.16,9.05,12.77,1.0000,-1,-1,-1
1158,37,712.57,681.30,25.98,13.21,1.0000,-1,-1,-1
1159,37,714.40,680.10,24.97,13.65,1.0000,-1,-1,-1
1160,37,716.08,679.04,26.48,13.33,1.0000,-1,-1,-1
1160,2,540.59,1002.12,8.68,12.94,1.0000,-1,-1,-1
1164,37,720.10,681.55,25.58,18.22,1.0000,-1,-1,-1
1164,2,540.67,1002.84,8.55,11.93,1.0000,-1,-1,-1
1165,37,720.13,684.49,25.51,17.80,1.0000,-1,-1,-1
1165,2,540.20,1002.16,9.27,12.68,1.0000,-1,-1,-1
1168,3,537.92,1001.39,12.35,13.67,1.0000,-1,-1,-1
1169,3,537.63,1001.43,12.68,13.62,1.0000,-1,-1,-1
1173,3,538.67,1001.50,11.35,14.33,1.0000,-1,-1,-1
1174,3,538.13,1001.57,12.08,14.26,1.0000,-1,-1,-1
1175,3,538.07,1001.54,12.16,14.46,1.0000,-1,-1,-1
1176,3,538.09,1001.59,12.24,14.18,1.0000,-1,-1,-1
1179,38,716.18,696.67,24.31,22.22,1.0000,-1,-1,-1
1179,2,539.31,1002.26,10.46,13.67,1.0000,-1,-1,-1
1180,2,540.65,1002.60,9.08,12.18,1.0000,-1,-1,-1
1181,2,540.41,1002.60,9.26,11.99,1.0000,-1,-1,-1
1183,2,540.55,1002.68,9.35,12.03,1.0000,-1,-1,-1
1186,38,719.34,692.22,25.20,18.00,1.0000,-1,-1,-1
1188,38,719.56,694.81,25.53,17.39,1.0000,-1,-1,-1
1189,2,539.87,1002.74,10.85,11.69,1.0000,-1,-1,-1
1192,2,539.51,1002.69,11.55,11.84,1.0000,-1,-1,-1
1193,2,540.04,1002.71,10.69,11.85,1.0000,-1,-1,-1
1194,2,540.29,1002.67,10.32,11.86,1.0000,-1,-1,-1
1201,2,539.36,1003.20,10.67,11.08,1.0000,-1,-1,-1
1213,2,541.32,1002.87,8.30,12.59,1.0000,-1,-1,-1
1214,2,541.23,1002.68,8.43,12.70,1.0000,-1,-1,-1
1215,2,541.30,1002.84,8.29,12.56,1.0000,-1,-1,-1
1216,2,541.15,1002.70,8.51,12.71,1.0000,-1,-1,-1
1217,2,541.20,1002.74,8.43,12.64,1.0000,-1,-1,-1
1218,2,541.40,1002.67,8.23,12.14,1.0000,-1,-1,-1
1225,2,540.53,1002.38,9.19,12.31,1.0000,-1,-1,-1
1226,2,541.19,1002.51,8.39,12.35,1.0000,-1,-1,-1
1227,2,541.04,1002.50,8.64,12.46,1.0000,-1,-1,-1
1242,2,540.88,1002.81,8.75,11.72,1.0000,-1,-1,-1
1243,2,540.69,1002.75,8.91,12.63,1.0000,-1,-1,-1
1244,2,541.34,1003.22,8.23,11.69,1.0000,-1,-1,-1
1249,4,588.95,496.04,10.79,14.76,1.0000,-1,-1,-1
1251,2,541.13,1002.03,8.16,12.25,1.0000,-1,-1,-1
1252,2,540.98,1002.29,8.38,11.96,1.0000,-1,-1,-1
1261,2,540.41,1002.57,9.16,11.94,1.0000,-1,-1,-1
1262,2,539.75,1001.83,9.43,12.73,1.0000,-1,-1,-1
1264,2,540.61,1002.34,8.61,12.37,1.0000,-1,-1,-1
1265,2,540.55,1002.15,8.64,12.27,1.0000,-1,-1,-1
1274,2,541.03,1002.36,8.26,12.12,1.0000,-1,-1,-1
1275,2,540.92,1002.53,9.18,12.18,1.0000,-1,-1,-1
1276,2,540.15,1002.27,9.65,12.44,1.0000,-1,-1,-1
1277,2,539.60,1002.43,10.43,12.71,1.0000,-1,-1,-1
1279,3,537.83,1002.56,12.41,12.66,1.0000,-1,-1,-1
1280,3,537.80,1002.61,12.36,12.62,1.0000,-1,-1,-1
1281,3,538.16,1002.65,12.02,12.60,1.0000,-1,-1,-1
1282,3,538.19,1002.65,11.97,12.61,1.0000,-1,-1,-1
1283,2,539.93,1002.00,9.83,13.15,1.0000,-1,-1,-1
1284,2,539.59,1001.98,10.22,13.15,1.0000,-1,-1,-1
1285,2,539.00,1002.04,10.78,12.86,1.0000,-1,-1,-1
1288,2,539.18,1002.18,10.66,12.75,1.0000,-1,-1,-1
1289,2,539.52,1002.26,10.31,12.58,1.0000,-1,-1,-1
1290,2,539.92,1002.34,9.92,12.47,1.0000,-1,-1,-1
1291,2,540.39,1002.43,9.31,12.08,1.0000,-1,-1,-1
1292,2,540.30,1002.39,9.41,12.11,1.0000,-1,-1,-1
1293,2,539.92,1002.39,9.95,12.39,1.0000,-1,-1,-1
1294,2,539.93,1002.36,9.89,12.41,1.0000,-1,-1,-1
1295,2,539.90,1002.16,10.02,12.91,1.0000,-1,-1,-1
1296,2,539.97,1002.36,9.98,12.70,1.0000,-1,-1,-1
1297,2,540.40,1002.49,9.73,12.26,1.0000,-1,-1,-1
1298,2,540.22,1002.48,10.00,12.27,1.0000,-1,-1,-1
1299,39,8.21,144.40,7.20,15.76,1.0000,-1,-1,-1
1299,2,540.24,1002.49,10.02,12.25,1.0000,-1,-1,-1
1300,2,540.10,1002.46,10.18,12.30,1.0000,-1,-1,-1
1301,3,539.10,1002.28,11.32,13.28,1.0000,-1,-1,-1
1302,3,538.76,1001.94,11.51,13.57,1.0000,-1,-1,-1
1303,2,540.09,1002.71,9.90,12.45,1.0000,-1,-1,-1
1304,2,540.30,1002.74,9.51,12.45,1.0000,-1,-1,-1
1305,2,540.24,1002.57,9.57,12.60,1.0000,-1,-1,-1
1306,2,539.78,1002.33,10.16,13.28,1.0000,-1,-1,-1
1307,2,540.13,1002.67,9.75,13.14,1.0000,-1,-1,-1
1308,3,539.17,1002.67,10.91,12.62,1.0000,-1,-1,-1
1309,2,540.35,1002.27,9.03,13.17,1.0000,-1,-1,-1
1310,2,540.72,1002.53,8.69,12.23,1.0000,-1,-1,-1
1311,2,540.85,1002.48,8.61,12.27,1.0000,-1,-1,-1
1312,4,592.17,497.06,5.56,12.91,1.0000,-1,-1,-1
1312,2,540.48,1002.33,9.05,12.21,1.0000,-1,-1,-1
1314,2,539.73,1002.32,9.94,12.46,1.0000,-1,-1,-1
1315,2,539.75,1002.31,9.92,12.46,1.0000,-1,-1,-1
1316,2,539.81,1002.33,9.85,12.44,1.0000,-1,-1,-1
1319,40,880.30,496.35,7.35,7.72,1.0000,-1,-1,-1
1321,2,540.12,1002.90,9.57,12.11,1.0000,-1,-1,-1
1322,2,540.22,1002.92,9.45,12.07,1.0000,-1,-1,-1
1323,2,539.86,1002.86,9.92,12.45,1.0000,-1,-1,-1
1324,2,540.11,1002.88,9.61,12.42,1.0000,-1,-1,-1
1326,2,540.23,1002.72,9.37,12.22,1.0000,-1,-1,-1
1327,3,539.68,1002.48,10.12,13.13,1.0000,-1,-1,-1
1329,2,540.54,1002.85,8.96,12.02,1.0000,-1,-1,-1
1330,2,540.27,1002.89,9.43,12.61,1.0000,-1,-1,-1
1331,3,539.88,1002.79,9.94,12.97,1.0000,-1,-1,-1
1344,2,540.75,1002.78,8.65,12.98,1.0000,-1,-1,-1
1345,2,541.29,1002.33,7.88,12.91,1.0000,-1,-1,-1
1350,2,541.22,1002.60,8.09,12.49,1.0000,-1,-1,-1
1351,2,541.30,1002.60,8.23,12.05,1.0000,-1,-1,-1
1356,4,590.84,495.83,8.43,14.82,1.0000,-1,-1,-1
1356,2,541.15,1002.47,8.35,12.54,1.0000,-1,-1,-1
1358,2,540.67,1002.12,9.12,13.22,1.0000,-1,-1,-1
1360,2,540.14,1001.97,9.50,12.65,1.0000,-1,-1,-1
1369,3,540.25,1002.73,9.07,12.76,1.0000,-1,-1,-1
1371,2,541.04,1002.85,8.46,11.71,1.0000,-1,-1,-1
1372,2,540.87,1002.58,9.12,12.26,1.0000,-1,-1,-1
1387,2,541.00,1002.98,9.08,11.45,1.0000,-1,-1,-1
1405,2,541.27,1003.15,8.09,11.73,1.0000,-1,-1,-1
1407,2,540.63,1003.16,9.01,11.42,1.0000,-1,-1,-1
1429,2,541.24,1002.78,8.32,11.62,1.0000,-1,-1,-1
1430,3,540.21,1002.86,9.99,12.77,1.0000,-1,-1,-1
1431,2,540.83,1002.67,9.00,11.84,1.0000,-1,-1,-1
1432,2,540.93,1002.77,8.95,11.71,1.0000,-1,-1,-1
1434,2,540.55,1002.61,9.23,12.18,1.0000,-1,-1,-1
1435,2,540.50,1002.61,9.35,12.19,1.0000,-1,-1,-1
1441,2,540.98,1002.47,8.63,12.74,1.0000,-1,-1,-1
1443,3,540.20,1002.13,9.57,13.45,1.0000,-1,-1,-1
1444,3,540.56,1002.37,9.23,13.03,1.0000,-1,-1,-1
1446,3,540.73,1002.41,9.11,13.26,1.0000,-1,-1,-1
1450,2,540.38,1002.74,9.38,12.08,1.0000,-1,-1,-1
1451,2,540.50,1002.81,9.20,12.00,1.0000,-1,-1,-1
1452,2,540.38,1002.70,9.29,12.08,1.0000,-1,-1,-1
1457,3,539.08,1001.70,11.03,13.70,1.0000,-1,-1,-1
1461,2,540.09,1002.20,9.77,12.62,1.0000,-1,-1,-1
1463,2,539.59,1002.27,10.51,12.63,1.0000,-1,-1,-1
1465,2,539.80,1002.29,9.84,13.46,1.0000,-1,-1,-1
1466,2,540.18,1002.45,9.34,12.48,1.0000,-1,-1,-1
1467,2,540.04,1002.30,9.49,13.25,1.0000,-1,-1,-1
1468,2,539.85,1002.24,9.74,13.58,1.0000,-1,-1,-1
1468,41,599.94,756.02,31.98,20.49,1.0000,-1,-1,-1
1469,2,539.92,1002.42,9.70,13.31,1.0000,-1,-1,-1
1470,42,583.10,745.20,30.74,21.75,1.0000,-1,-1,-1
1470,2,540.19,1002.45,9.41,12.91,1.0000,-1,-1,-1
1471,42,576.06,736.86,30.47,23.88,1.0000,-1,-1,-1
1471,2,539.99,1002.37,9.62,13.02,1.0000,-1,-1,-1
1472,42,570.36,728.95,29.06,23.68,1.0000,-1,-1,-1
1472,2,540.05,1002.16,9.61,12.94,1.0000,-1,-1,-1
1473,42,567.58,725.06,26.40,19.85,1.0000,-1,-1,-1
1474,2,540.12,1002.49,9.44,12.37,1.0000,-1,-1,-1
1475,43,559.69,715.67,27.24,17.03,1.0000,-1,-1,-1
1476,2,540.89,1002.64,8.35,12.35,1.0000,-1,-1,-1
1477,43,553.12,712.62,31.60,18.76,1.0000,-1,-1,-1
1479,43,552.25,714.89,25.98,14.24,1.0000,-1,-1,-1
1482,43,549.67,713.79,25.98,14.68,1.0000,-1,-1,-1
1483,43,546.64,704.75,24.96,18.99,1.0000,-1,-1,-1
1485,43,542.20,703.72,26.41,12.96,1.0000,-1,-1,-1
1487,2,540.87,1002.64,8.64,12.77,1.0000,-1,-1,-1
1489,44,546.19,688.20,5.94,15.68,1.0000,-1,-1,-1
1490,2,540.97,1002.68,8.67,12.02,1.0000,-1,-1,-1
1491,2,540.95,1002.73,8.66,11.95,1.0000,-1,-1,-1
1492,2,541.12,1002.78,8.46,11.81,1.0000,-1,-1,-1
1493,45,545.27,658.58,5.45,13.45,1.0000,-1,-1,-1
1494,2,540.40,1002.64,9.75,12.16,1.0000,-1,-1,-1
1495,2,540.40,1002.60,10.05,12.25,1.0000,-1,-1,-1
1496,2,540.66,1003.46,10.00,11.69,1.0000,-1,-1,-1
1497,2,540.60,1003.63,9.10,11.65,1.0000,-1,-1,-1
1499,46,535.86,998.95,8.02,16.86,1.0000,-1,-1,-1
1499,47,529.10,639.47,26.63,14.11,1.0000,-1,-1,-1
1500,3,539.10,1002.32,10.73,12.52,1.0000,-1,-1,-1
1500,46,536.02,1000.44,14.14,14.73,1.0000,-1,-1,-1
1500,47,529.75,640.58,26.24,14.80,1.0000,-1,-1,-1
1501,2,541.22,1002.01,8.08,12.04,1.0000,-1,-1,-1
1502,2,541.16,1001.95,8.19,11.99,1.0000,-1,-1,-1
1503,2,541.31,1002.11,7.85,11.93,1.0000,-1,-1,-1
1504,2,541.10,1002.46,8.20,11.82,1.0000,-1,-1,-1
1505,2,541.21,1002.42,8.01,11.66,1.0000,-1,-1,-1
1506,2,541.47,1002.68,7.77,11.37,1.0000,-1,-1,-1
1507,2,541.33,1001.90,7.92,12.27,1.0000,-1,-1,-1
1508,2,541.16,1001.75,8.15,12.45,1.0000,-1,-1,-1
1508,48,529.02,656.54,31.01,18.72,1.0000,-1,-1,-1
1509,48,528.54,655.73,30.20,21.73,1.0000,-1,-1,-1
1509,2,541.20,1001.77,8.09,12.43,1.0000,-1,-1,-1
1510,48,528.96,652.56,29.79,23.64,1.0000,-1,-1,-1
1510,2,541.03,1001.97,8.31,12.71,1.0000,-1,-1,-1
1511,48,529.02,649.61,28.39,23.96,1.0000,-1,-1,-1
1511,2,541.12,1001.87,8.23,12.46,1.0000,-1,-1,-1
1512,2,540.67,1001.82,8.70,12.49,1.0000,-1,-1,-1
1512,3,538.38,1000.96,11.54,13.56,1.0000,-1,-1,-1
1514,48,537.85,655.06,24.06,16.89,1.0000,-1,-1,-1
1516,2,540.47,1002.39,9.04,12.44,1.0000,-1,-1,-1
1517,2,541.05,1002.63,8.41,12.11,1.0000,-1,-1,-1
1517,48,540.67,654.87,27.07,16.40,1.0000,-1,-1,-1
1518,48,539.52,655.05,28.19,15.46,1.0000,-1,-1,-1
1518,2,541.08,1002.60,8.03,12.45,1.0000,-1,-1,-1
1519,48,540.60,655.15,25.94,15.63,1.0000,-1,-1,-1
1519,2,541.22,1002.69,8.25,11.56,1.0000,-1,-1,-1
1521,48,539.26,651.62,25.84,16.86,1.0000,-1,-1,-1
1524,48,546.90,648.04,30.34,15.60,1.0000,-1,-1,-1
1525,48,547.08,648.07,28.99,14.39,1.0000,-1,-1,-1
1525,2,541.26,1002.89,8.08,11.29,1.0000,-1,-1,-1
1526,48,548.83,648.06,27.27,14.13,1.0000,-1,-1,-1
1526,2,540.93,1002.64,8.47,11.73,1.0000,-1,-1,-1
1527,48,549.20,647.47,27.68,16.04,1.0000,-1,-1,-1
1527,2,540.83,1002.54,8.60,11.88,1.0000,-1,-1,-1
1527,49,549.04,640.37,28.42,23.22,1.0000,-1,-1,-1
1528,48,550.48,648.18,27.91,15.47,1.0000,-1,-1,-1
1528,2,540.81,1002.53,8.62,12.68,1.0000,-1,-1,-1
1529,48,551.04,648.24,27.23,15.56,1.0000,-1,-1,-1
1530,48,551.93,648.06,26.94,15.37,1.0000,-1,-1,-1
1531,48,551.85,648.14,26.99,15.37,1.0000,-1,-1,-1
1533,48,552.33,649.31,27.04,16.41,1.0000,-1,-1,-1
1535,48,552.61,653.27,27.74,17.87,1.0000,-1,-1,-1
1536,48,553.00,655.15,27.77,17.22,1.0000,-1,-1,-1
1538,2,541.16,1002.37,8.33,13.25,1.0000,-1,-1,-1
1539,2,541.23,1002.48,8.29,13.26,1.0000,-1,-1,-1
1540,48,549.56,656.92,27.10,17.75,1.0000,-1,-1,-1
1540,2,541.18,1002.56,8.67,12.92,1.0000,-1,-1,-1
1541,48,550.07,657.31,27.34,17.84,1.0000,-1,-1,-1
1546,2,541.38,1003.38,8.02,10.97,1.0000,-1,-1,-1
1554,2,541.12,1002.75,8.52,11.64,1.0000,-1,-1,-1
1555,2,541.13,1002.77,8.51,11.63,1.0000,-1,-1,-1
1557,2,541.09,1002.71,8.57,11.67,1.0000,-1,-1,-1
1558,2,541.07,1002.78,8.63,12.11,1.0000,-1,-1,-1
1559,2,541.16,1002.85,8.47,11.66,1.0000,-1,-1,-1
1560,2,541.16,1002.75,8.43,11.79,1.0000,-1,-1,-1
1562,50,549.73,679.14,26.50,22.45,1.0000,-1,-1,-1
1563,50,549.86,679.87,26.43,22.07,1.0000,-1,-1,-1
1564,50,550.09,680.88,26.22,21.37,1.0000,-1,-1,-1
1564,2,540.73,1002.93,9.20,11.58,1.0000,-1,-1,-1
1565,2,540.55,1002.84,9.36,11.70,1.0000,-1,-1,-1
1566,2,540.65,1002.83,9.22,11.68,1.0000,-1,-1,-1
1570,2,540.72,1002.96,9.11,11.58,1.0000,-1,-1,-1
1572,43,546.75,702.80,28.67,21.02,1.0000,-1,-1,-1
1576,2,540.95,1002.73,8.41,11.41,1.0000,-1,-1,-1
1577,2,540.90,1002.72,8.57,11.50,1.0000,-1,-1,-1
1578,2,540.48,1002.72,9.13,11.59,1.0000,-1,-1,-1
1580,43,550.21,706.18,25.87,17.88,1.0000,-1,-1,-1
1581,43,551.43,703.70,26.32,17.25,1.0000,-1,-1,-1
1582,43,551.74,701.51,28.04,17.32,1.0000,-1,-1,-1
1584,43,554.96,702.01,26.04,15.61,1.0000,-1,-1,-1
1594,51,549.94,712.58,26.17,18.37,1.0000,-1,-1,-1
1595,51,548.60,713.21,27.28,19.90,1.0000,-1,-1,-1
1603,51,547.81,716.68,27.11,20.69,1.0000,-1,-1,-1
1604,51,547.20,717.92,27.89,20.69,1.0000,-1,-1,-1
1605,51,548.46,718.60,27.28,21.88,1.0000,-1,-1,-1
1609,51,546.72,719.98,28.27,19.08,1.0000,-1,-1,-1
1609,2,540.99,1002.83,8.52,12.15,1.0000,-1,-1,-1
1610,51,547.70,720.12,28.13,20.16,1.0000,-1,-1,-1
1611,51,547.77,720.40,28.39,21.00,1.0000,-1,-1,-1
1613,51,548.12,721.05,28.04,21.53,1.0000,-1,-1,-1
1614,51,548.53,721.39,27.66,21.99,1.0000,-1,-1,-1
1614,2,540.93,1002.84,8.66,12.22,1.0000,-1,-1,-1
1615,51,548.27,722.56,27.58,21.57,1.0000,-1,-1,-1
1615,2,540.80,1002.66,8.68,12.65,1.0000,-1,-1,-1
1616,51,547.76,722.60,27.64,21.10,1.0000,-1,-1,-1
1616,2,540.56,1002.62,8.85,12.33,1.0000,-1,-1,-1
1617,51,547.70,722.75,27.66,20.89,1.0000,-1,-1,-1
1617,2,540.22,1002.56,9.33,13.09,1.0000,-1,-1,-1
1618,51,547.46,724.19,27.98,19.94,1.0000,-1,-1,-1
1618,2,540.94,1002.66,8.47,12.77,1.0000,-1,-1,-1
1619,2,540.93,1002.75,8.44,12.69,1.0000,-1,-1,-1
1620,2,541.02,1002.87,8.43,12.10,1.0000,-1,-1,-1
1621,2,541.25,1003.12,8.38,11.80,1.0000,-1,-1,-1
1622,2,541.37,1002.95,7.83,11.92,1.0000,-1,-1,-1
1623,2,541.42,1003.08,7.79,11.93,1.0000,-1,-1,-1
1624,52,560.62,740.26,5.14,12.33,1.0000,-1,-1,-1
1624,2,541.20,1003.18,7.95,11.52,1.0000,-1,-1,-1
1625,2,541.31,1003.26,7.94,11.47,1.0000,-1,-1,-1
1626,2,541.33,1003.07,7.96,11.38,1.0000,-1,-1,-1
1627,2,541.38,1003.08,7.98,11.53,1.0000,-1,-1,-1
1628,2,541.27,1003.06,8.09,11.33,1.0000,-1,-1,-1
1629,53,559.39,752.47,29.29,18.04,1.0000,-1,-1,-1
1629,2,541.29,1003.08,8.10,11.55,1.0000,-1,-1,-1
1630,53,559.61,752.59,29.58,18.94,1.0000,-1,-1,-1
1631,53,559.60,753.86,25.74,18.71,1.0000,-1,-1,-1
1631,2,541.31,1003.10,8.21,11.28,1.0000,-1,-1,-1
1632,2,541.24,1003.05,8.37,11.33,1.0000,-1,-1,-1
1633,2,540.55,1002.41,9.51,11.94,1.0000,-1,-1,-1
1634,2,540.43,1002.37,9.05,12.11,1.0000,-1,-1,-1
1635,2,540.98,1002.23,8.43,12.45,1.0000,-1,-1,-1
1636,2,540.94,1002.30,8.49,12.48,1.0000,-1,-1,-1
1637,2,541.08,1002.88,8.59,11.70,1.0000,-1,-1,-1
1638,2,541.02,1002.83,8.64,11.70,1.0000,-1,-1,-1
1639,2,541.02,1002.84,8.75,12.76,1.0000,-1,-1,-1
1640,2,541.13,1002.53,8.42,12.17,1.0000,-1,-1,-1
1641,2,541.03,1002.46,8.42,12.52,1.0000,-1,-1,-1
1642,2,541.14,1002.44,8.35,12.26,1.0000,-1,-1,-1
1643,2,540.96,1002.39,8.35,12.49,1.0000,-1,-1,-1
1644,2,540.92,1002.36,8.53,12.92,1.0000,-1,-1,-1
1645,2,540.63,1002.71,9.31,12.42,1.0000,-1,-1,-1
1646,2,541.25,1002.81,8.41,11.86,1.0000,-1,-1,-1
1647,2,540.94,1002.78,8.70,11.91,1.0000,-1,-1,-1
1648,2,541.09,1002.68,8.49,12.01,1.0000,-1,-1,-1
1649,2,541.11,1002.87,8.45,11.65,1.0000,-1,-1,-1
1650,2,540.88,1002.55,8.78,11.89,1.0000,-1,-1,-1
1651,2,540.61,1002.22,9.06,12.59,1.0000,-1,-1,-1
1652,2,540.71,1002.08,8.77,13.08,1.0000,-1,-1,-1
1653,2,540.93,1002.12,8.53,12.65,1.0000,-1,-1,-1
1654,2,540.86,1002.31,8.73,12.35,1.0000,-1,-1,-1
1655,2,540.97,1002.37,8.48,12.06,1.0000,-1,-1,-1
1656,2,541.08,1002.21,8.38,12.24,1.0000,-1,-1,-1
1657,2,541.02,1002.05,8.82,12.86,1.0000,-1,-1,-1
1658,2,541.14,1002.36,8.48,11.52,1.0000,-1,-1,-1
1659,2,541.00,1002.22,8.80,12.35,1.0000,-1,-1,-1
1660,2,540.84,1002.21,9.66,13.31,1.0000,-1,-1,-1
1661,53,559.98,758.96,27.44,15.70,1.0000,-1,-1,-1
1661,2,540.88,1002.57,9.81,12.78,1.0000,-1,-1,-1
1662,2,540.67,1002.14,10.05,13.19,1.0000,-1,-1,-1
1662,53,561.97,757.06,27.24,16.13,1.0000,-1,-1,-1
1663,53,563.11,756.89,27.67,15.78,1.0000,-1,-1,-1
1663,2,540.63,1002.09,9.69,13.15,1.0000,-1,-1,-1
1664,2,540.73,1002.01,9.56,12.46,1.0000,-1,-1,-1
1664,53,564.78,756.54,26.78,16.21,1.0000,-1,-1,-1
1665,2,540.80,1002.04,9.42,12.47,1.0000,-1,-1,-1
1665,53,565.09,755.97,26.45,15.70,1.0000,-1,-1,-1
1666,53,565.43,754.52,26.24,16.40,1.0000,-1,-1,-1
